Generation 19:
Object: fox_toy
Position: [5.4459550750210886, 4.5, 2.2]
Rotation: [132.2080397114072, -85.92792103859362, 20.90205124305976]

Object: pillow__black
Position: [5.0, 4.5, 2.796764440961295]
Rotation: [179.14639884668713, 84.03370489783634, 139.38289501805662]

Object: pillow(2)
Position: [5.692158320647666, 4.5, 2.2]
Rotation: [84.14251602135187, -123.19933553462442, -126.63034429810546]

