Generation 3:
Object: fox_toy
Position: [5.091140314129733, 4.5, 2.2]
Rotation: [143.93364247967224, 139.66238194127288, 116.3342821781622]

Object: slippers
Position: [5.022669464947502, 4.5, 2.3601499372000045]
Rotation: [93.16272489614329, -124.90343881454731, 156.38956009811034]

Object: fuzzy_slippers
Position: [5.047876595117065, 4.5, 2.2]
Rotation: [83.3352880648834, 127.96793752657368, -162.26805940168626]

Object: pillow__black
Position: [5.0, 4.5, 2.3379630573959735]
Rotation: [-134.3449953014843, -98.38010879176345, 124.47913428057626]

