Generation 18:
Object: fox_toy
Position: [5.30828332980814, 4.5, 2.2]
Rotation: [-85.61163886254103, -164.75574197181774, 164.40435671684583]

Object: pillow__black
Position: [5.0, 4.5, 2.2]
Rotation: [95.51836732983571, -141.28756191810436, -69.66131202371156]

Object: pillow(2)
Position: [5.615427480734812, 4.5, 2.2]
Rotation: [-149.2132359891521, 12.387565698847055, -75.99845830133393]

