Generation 1:
Object: fox_toy
Position: [5.221961849731245, 4.5, 2.338966053865566]
Rotation: [141.705309927192, 147.35290817924556, 148.52963006875876]

Object: pillow__black
Position: [5.0, 4.5, 2.3696623521039784]
Rotation: [157.41402175735277, 107.56958821859223, -114.7435144089941]

Object: pillow(2)
Position: [5.0, 4.5, 2.2]
Rotation: [176.51718273315782, -147.34723597666505, 164.18699949259553]

