Generation 9:
Object: fox_toy
Position: [5.671026451346443, 4.5, 2.3675647755285327]
Rotation: [95.27696627747042, 132.93082150458645, -18.101478050566357]

Object: slippers
Position: [5.539610214098297, 4.5, 2.2]
Rotation: [-94.1787427762576, 63.43061301472744, -41.59633596010232]

Object: fuzzy_slippers
Position: [5.0, 4.5, 2.2]
Rotation: [-60.41748282484542, -79.7169495670037, -135.88075056848595]

Object: pillow__black
Position: [5.0, 4.5, 2.2]
Rotation: [140.26824604535472, 162.52602360285488, 147.3420144680362]

