Generation 4:
Object: fox_toy
Position: [5.284589720763194, 4.5, 2.2607390536848135]
Rotation: [-144.4144536524117, 125.20227054469262, -166.29347275921296]

Object: slippers
Position: [5.0, 4.5, 2.5663599700781212]
Rotation: [-103.10545364101651, 72.1689898257701, 82.21208979836717]

Object: fuzzy_slippers
Position: [5.180429247049481, 4.5, 2.397193806975515]
Rotation: [120.27598089082107, 168.19118098722072, -19.688571526928826]

Object: pillow__black
Position: [5.0, 4.5, 2.6406509106455482]
Rotation: [-75.85693129946999, -118.7884423423011, -148.0991672869996]

