Generation 17:
Object: fox_toy
Position: [5.574656727981871, 4.5, 3.2220683332578384]
Rotation: [-62.78556928399735, -4.339901318632371, 33.15542968948682]

Object: pillow__black
Position: [5.295174109459872, 4.5, 3.5]
Rotation: [-68.88399561269905, -64.11886649185726, 114.0385717219558]

Object: pillow(2)
Position: [5.455026706185769, 4.5, 2.2]
Rotation: [-82.30290474103812, -111.3203694592369, -50.10703470161812]

