Generation 11:
Object: fox_toy
Position: [5.0, 4.5, 2.2]
Rotation: [89.09685614319903, 91.56067444040593, -152.3220956221294]

Object: pillow__black
Position: [5.133489919443874, 4.5, 2.8149266227302174]
Rotation: [165.15493308801126, 83.13881874198864, 56.55390229383619]

Object: pillow(2)
Position: [5.0, 4.5, 2.2]
Rotation: [137.278456296341, 32.93470588721607, -130.33452868143593]

