Generation 13:
Object: fox_toy
Position: [5.0, 4.5, 2.2]
Rotation: [8.736983405069367, -59.80772426374624, 108.40129869189582]

Object: pillow__black
Position: [5.214407151255946, 4.5, 2.3444462840779]
Rotation: [-166.99940991962586, 148.20806469510796, -118.32843020832183]

Object: pillow(2)
Position: [5.0, 4.5, 2.2]
Rotation: [-136.72040421624007, 102.7453001141327, -65.7265344660127]

