Generation 10:
Object: fox_toy
Position: [5.0, 4.5, 2.8655370658485384]
Rotation: [14.891526029978479, -28.583180443200945, 23.29436109156029]

Object: pillow__black
Position: [5.572895467448301, 4.5, 2.8487789624323883]
Rotation: [41.52600396101681, 92.70074740946882, 83.64097493684466]

Object: pillow(2)
Position: [5.0, 4.5, 2.2]
Rotation: [-70.91671049005474, 87.86947112962127, 35.10975789247476]

