Generation 1:
Object: fox_toy
Position: [5.051333487710467, 4.5, 2.2]
Rotation: [162.24750684757782, 116.59035219948964, -143.3568600581242]

Object: pillow__black
Position: [5.0, 4.5, 2.2]
Rotation: [146.86967160506987, 118.27289394765899, 175.31480081621947]

Object: pillow(2)
Position: [5.1714292240759105, 4.5, 2.3795520333590057]
Rotation: [147.3319988659149, -134.5170884500081, 119.77974498487299]

