Generation 15:
Object: fox_toy
Position: [5.443726052133326, 4.5, 2.2]
Rotation: [-81.72873437690721, 37.21334395748437, -82.3521972779984]

Object: slippers
Position: [5.0, 4.5, 2.7566867539330913]
Rotation: [-86.33770342843337, -16.983262112523846, -40.97642372572375]

Object: fuzzy_slippers
Position: [5.188558089283528, 4.5, 2.6147812330602913]
Rotation: [103.70904964754573, -50.42128662745699, 5.642489368664059]

Object: pillow__black
Position: [5.0, 4.5, 3.4807581907854854]
Rotation: [-14.753690527665867, 56.2213917311274, 133.91640973342965]

