Generation 14:
Object: fox_toy
Position: [5.865290779280576, 4.5, 2.6282036467193644]
Rotation: [-141.88700858616804, 51.27622874003035, 176.92101199585244]

Object: pillow__black
Position: [5.0, 4.5, 2.552791538347142]
Rotation: [-53.88319451096878, 61.87416740752792, -179.48740175084643]

Object: pillow(2)
Position: [5.631028713400291, 4.5, 2.5642627952519526]
Rotation: [-99.47509425381742, 130.91765418995192, -39.502482080824564]

