Generation 6:
Object: fox_toy
Position: [5.264037500326621, 4.5, 2.2]
Rotation: [63.598983317283114, -41.588506907521776, 114.27016125388644]

Object: pillow__black
Position: [5.24989451001728, 4.5, 2.586200481619887]
Rotation: [60.7435465481135, 73.33992465245166, 86.42105518360921]

Object: pillow(2)
Position: [5.537062087430842, 4.5, 2.307742393391564]
Rotation: [-127.89243489405223, -159.9273499431995, 74.07061066016831]

