Generation 5:
Object: fox_toy
Position: [5.0, 4.5, 2.2]
Rotation: [66.14832508831506, -68.86333413781855, 102.08604934994435]

Object: pillow__black
Position: [5.319279034503344, 4.5, 2.6112289243241875]
Rotation: [145.16299790991155, -120.55625010432878, 113.8126872495045]

Object: pillow(2)
Position: [5.142705631906686, 4.5, 2.2]
Rotation: [-175.3272382114133, 78.7215831472717, 108.0506762911163]

