Generation 17:
Object: fox_toy
Position: [5.014812161623448, 4.5, 2.2]
Rotation: [157.61453139306576, 56.41117894373812, -52.85617202699048]

Object: pillow__black
Position: [5.353369334927721, 4.5, 2.2973010152735385]
Rotation: [9.654572100398042, 6.426758858178118, -113.76703628930687]

Object: pillow(2)
Position: [5.0, 4.5, 2.500514028504668]
Rotation: [144.44463778403457, 45.49926644544087, 22.97676200614032]

