Generation 15:
Object: fox_toy
Position: [5.4791106589905665, 4.5, 2.2]
Rotation: [0.38087390043648384, 56.02125963592516, -92.1142835349466]

Object: slippers
Position: [5.904643605216581, 4.5, 3.239967410284332]
Rotation: [-87.21345886045805, -20.874664778274337, 91.02744627431002]

Object: fuzzy_slippers
Position: [5.0, 4.5, 2.2]
Rotation: [5.004904249651702, -19.202919600247014, -161.4372247460962]

Object: pillow__black
Position: [5.0, 4.5, 2.2]
Rotation: [-55.99514100508341, -4.315847226019997, 9.293619275464039]

