Generation 2:
Object: fox_toy
Position: [5.0, 4.5, 2.3153238152578925]
Rotation: [102.03362180861109, -118.71090267417357, -175.1196649775108]

Object: pillow__black
Position: [5.0, 4.5, 2.2]
Rotation: [-161.85458073615115, 116.4875662137166, -172.74819159244552]

Object: pillow(2)
Position: [5.151683291122061, 4.5, 2.330040235575917]
Rotation: [-158.14017995731072, -120.5707423318798, 65.28433290109166]

