Generation 12:
Object: fox_toy
Position: [5.643498430418116, 4.5, 2.6378636666853006]
Rotation: [-105.6864139215127, 154.23754562487727, 17.828857147758754]

Object: pillow__black
Position: [5.138723013062852, 4.5, 3.151061274786337]
Rotation: [-135.21017853867346, 1.1856277413567113, 108.35475204217505]

Object: pillow(2)
Position: [5.375034542717753, 4.5, 2.319005259896328]
Rotation: [-51.9034094475129, -81.33835801994725, -82.18994412049857]

