Generation 13:
Object: fox_toy
Position: [5.0, 4.5, 2.6706288730494983]
Rotation: [90.25095997745689, -135.3906127380002, -174.95497072376628]

Object: pillow__black
Position: [5.200481689042055, 4.5, 2.2264439698179106]
Rotation: [164.12756168336716, -44.96709526949928, -159.6424631175825]

Object: pillow(2)
Position: [5.061835969562939, 4.5, 2.6922728482080998]
Rotation: [0.8852309692902622, -176.48041524077598, -115.4441099346538]

