Generation 6:
Object: fox_toy
Position: [5.0, 4.5, 2.2]
Rotation: [-10.666043293912821, 162.55603382314382, 154.33671064755828]

Object: slippers
Position: [5.0, 4.5, 2.2]
Rotation: [-150.40242417195537, -2.211940548270377, -160.50999304959663]

Object: fuzzy_slippers
Position: [5.008113819433237, 4.5, 2.331718194845353]
Rotation: [-116.08321523676682, -106.56806942227658, 64.59664275091069]

Object: pillow__black
Position: [5.317063366455849, 4.5, 2.5343507367607705]
Rotation: [-42.24676280284055, 173.90683696012104, 167.54054596478545]

