Generation 2:
Object: fox_toy
Position: [5.0, 4.5, 2.2]
Rotation: [139.85709747133467, 103.47754795401897, 100.74924797657621]

Object: slippers
Position: [5.0, 4.5, 2.2]
Rotation: [-158.16763833857198, 139.70379149566736, -140.17510806854298]

Object: fuzzy_slippers
Position: [5.129169677430996, 4.5, 2.2]
Rotation: [145.78926130470552, -90.6345925461465, 95.14261680769454]

Object: pillow__black
Position: [5.228481024036886, 4.5, 2.4168277694001747]
Rotation: [-146.03198640481486, 170.92480541960362, 139.50821113222275]

