Generation 12:
Object: fox_toy
Position: [5.248571529597997, 4.5, 2.2]
Rotation: [47.37275282141161, -67.54515308038219, 120.75726940815855]

Object: pillow__black
Position: [5.0, 4.5, 2.717514720742636]
Rotation: [123.93328165540254, 95.57622744684028, -165.20499400021967]

Object: pillow(2)
Position: [5.679102391652443, 4.5, 2.2]
Rotation: [113.32041461250287, -50.213498458248694, -30.44105379959251]

