Generation 8:
Object: fox_toy
Position: [5.0, 4.5, 2.2384394331040944]
Rotation: [-147.93790307232194, -51.165912897420384, -32.04853528499012]

Object: pillow__black
Position: [5.084638360522428, 4.5, 2.2]
Rotation: [132.1358079194165, 57.264603942521035, 127.32404289905782]

Object: pillow(2)
Position: [5.0, 4.5, 2.304389666349922]
Rotation: [174.15354948355014, 10.714371036101483, -35.710659626924496]

