Generation 6:
Object: fox_toy
Position: [5.0, 4.5, 2.2]
Rotation: [-42.70539511457736, 123.82844196653241, 100.65264835241828]

Object: pillow__black
Position: [5.0, 4.5, 2.2]
Rotation: [177.68220654388824, 114.56236076376865, 27.096916841170696]

Object: pillow(2)
Position: [5.102787299883694, 4.5, 2.2]
Rotation: [-151.8701993170294, 170.91103294915752, 18.958439658213138]

