Generation 4:
Object: fox_toy
Position: [5.328465880325422, 4.5, 2.2]
Rotation: [160.0042323145957, 97.53545925841883, -97.14415903730844]

Object: pillow__black
Position: [5.0, 4.5, 2.2]
Rotation: [-57.77720387339096, 112.18716524653831, -95.39912293870142]

Object: pillow(2)
Position: [5.0, 4.5, 2.2]
Rotation: [121.20248129699189, -167.43133422018084, 73.06940320870444]

