Generation 12:
Object: fox_toy
Position: [5.050372684467523, 4.5, 2.2]
Rotation: [-97.16523848289022, 165.65454612774823, 112.8621289231532]

Object: pillow__black
Position: [5.0, 4.5, 2.2]
Rotation: [146.0928554451403, -157.62501577693178, -79.41006769604809]

Object: pillow(2)
Position: [5.019948248812962, 4.5, 2.2822807788208612]
Rotation: [-154.81198047187954, -77.03226187355864, -40.841735463985856]

