Generation 11:
Object: fox_toy
Position: [5.0, 4.5, 2.2]
Rotation: [36.80047750915233, -12.962956875336829, -101.14832780021133]

Object: pillow__black
Position: [5.20280810166337, 4.5, 2.2]
Rotation: [-50.32201636677979, -29.09389835914078, -54.63803673727864]

Object: pillow(2)
Position: [5.0, 4.5, 2.4423382025739753]
Rotation: [102.47000230497457, 176.76324590356273, -7.227246835767147]

