Generation 6:
Object: fox_toy
Position: [5.357386830669839, 4.5, 2.5699536846355997]
Rotation: [130.81078740206448, 178.3036710920926, 31.70009918496214]

Object: pillow__black
Position: [5.213797578275718, 4.5, 2.859684825253316]
Rotation: [-61.97455750458225, 63.63731944613551, 105.69176424102659]

Object: pillow(2)
Position: [5.332738397840053, 4.5, 2.4751562189700524]
Rotation: [-142.91971799410004, -131.96229398311263, -91.18901905987619]

