Generation 18:
Object: fox_toy
Position: [5.492761552733864, 4.5, 3.15818314732633]
Rotation: [-33.66553748088535, -74.15414137892317, 5.927891347416448]

Object: pillow__black
Position: [5.344637396391967, 4.5, 3.226542529107998]
Rotation: [-93.80450580455896, 1.383378629155743, 140.34819120271356]

Object: pillow(2)
Position: [5.420471581935414, 4.5, 2.2]
Rotation: [-20.068570994393212, -165.70196258795121, 10.672240913042259]

