Generation 9:
Object: fox_toy
Position: [5.0, 4.5, 2.2]
Rotation: [21.843324848099485, -132.01972839703112, 91.26315693710319]

Object: pillow__black
Position: [5.73149347993725, 4.5, 2.532066258455636]
Rotation: [-101.66296554932627, -43.87937747903226, 109.62241779630256]

Object: pillow(2)
Position: [5.1001278740569855, 4.5, 2.2]
Rotation: [133.73098874327655, 52.84818753766399, 103.75648370526255]

