Generation 15:
Object: fox_toy
Position: [5.102102117754689, 4.5, 2.3984250695330944]
Rotation: [-125.57828760474436, 41.33057509070568, 167.30001640670912]

Object: pillow__black
Position: [5.797515871291646, 4.5, 3.0544118089299013]
Rotation: [-85.90468417189705, 107.47209443836641, -85.22278825446917]

Object: pillow(2)
Position: [5.0, 4.5, 2.758470186802832]
Rotation: [-123.18968517455255, 24.63821113812628, 131.34970447655678]

