Generation 2:
Object: fox_toy
Position: [5.020530351169893, 4.5, 2.300654445781545]
Rotation: [96.45653090046784, 109.90762813730151, 156.741127836438]

Object: pillow__black
Position: [5.301604771109924, 4.5, 2.349974865566158]
Rotation: [117.81630237446245, -120.25015660121193, -159.88345883304746]

Object: pillow(2)
Position: [5.207089645015564, 4.5, 2.5447157674670566]
Rotation: [-148.27180434173496, -155.66333715526113, -146.44817628965382]

