Generation 20:
Object: fox_toy
Position: [5.47291996697386, 4.5, 2.2]
Rotation: [39.34182208191794, 108.09373814649325, -22.14937396007923]

Object: slippers
Position: [6.0, 4.5, 3.3860148245076385]
Rotation: [-103.3165249122033, -38.62472197660969, 61.48696501991549]

Object: fuzzy_slippers
Position: [5.0, 4.5, 2.2]
Rotation: [3.530618331223991, 25.93104131410189, -170.93994745701954]

Object: pillow__black
Position: [5.0, 4.5, 2.2]
Rotation: [-111.63807411107685, 6.3565566121825725, 72.51359344773289]

