Generation 6:
Object: fox_toy
Position: [5.5183721312433995, 4.5, 2.6719587003068366]
Rotation: [65.89600712878439, 69.60199687493599, 87.10799001029926]

Object: pillow__black
Position: [5.533062537289237, 4.5, 2.2]
Rotation: [-30.195381883198394, -40.61471955265998, 118.29273177684729]

Object: pillow(2)
Position: [5.078703914742185, 4.5, 2.39120713652032]
Rotation: [-75.60341116422191, 132.98855599877004, 103.08803461622074]

