Generation 13:
Object: fox_toy
Position: [5.0, 4.5, 2.870366952967248]
Rotation: [29.956770229126732, 58.63835289867143, -117.60994948865297]

Object: pillow__black
Position: [5.677609884358124, 4.5, 2.9621097413549182]
Rotation: [39.700096375900046, 155.93961805134933, -115.39870937939666]

Object: pillow(2)
Position: [5.0, 4.5, 2.2813639001816037]
Rotation: [-59.45789995879683, 107.80070546982694, 72.05540856623765]

