Generation 19:
Object: fox_toy
Position: [5.603672270449608, 4.5, 3.166249370402085]
Rotation: [-109.02311421841677, -122.9252797665996, -12.63216869541202]

Object: pillow__black
Position: [6.0, 4.5, 2.2]
Rotation: [-94.84466495938231, -19.15198668524036, -87.16375072490848]

Object: pillow(2)
Position: [5.282495785029432, 4.5, 2.3557792729119056]
Rotation: [-53.56591640405645, 100.81405393807069, 60.64664930707079]

