Generation 4:
Object: fox_toy
Position: [5.0, 4.5, 2.2]
Rotation: [78.78802638996626, -127.01547342067131, 101.46362888942292]

Object: slippers
Position: [5.0, 4.5, 2.4921926852006964]
Rotation: [47.812231190243494, 134.8354788995136, -143.4307871449771]

Object: fuzzy_slippers
Position: [5.0, 4.5, 2.2]
Rotation: [160.85490677444443, 78.4602393010959, 77.70577128108005]

Object: pillow__black
Position: [5.0, 4.5, 2.3154617470309975]
Rotation: [112.150680799513, -103.662793566319, 113.54112250715872]

