Generation 3:
Object: fox_toy
Position: [5.119171663297433, 4.5, 2.2]
Rotation: [-22.659551024808934, 87.58129090395454, -151.92512388049727]

Object: slippers
Position: [5.347463425287122, 4.5, 2.3603239136960865]
Rotation: [-124.6910757421451, 89.59611392086146, -179.23084885408323]

Object: fuzzy_slippers
Position: [5.175150514661622, 4.5, 2.2]
Rotation: [146.5398807887459, 101.87416460182533, 165.9479712166742]

Object: pillow__black
Position: [5.0, 4.5, 2.4529111421891976]
Rotation: [-170.70630616041348, 118.44102245232307, 126.7464196020735]

