Generation 9:
Object: fox_toy
Position: [5.600758289192531, 4.5, 2.822646761375283]
Rotation: [176.8168843490123, 18.90901439485384, -168.52815954620453]

Object: pillow__black
Position: [5.0, 4.5, 2.2]
Rotation: [-161.59974597208557, 61.328235293685225, -163.3506419257546]

Object: pillow(2)
Position: [5.614890681038344, 4.5, 2.678846668712725]
Rotation: [166.64393463094854, -149.54770076651826, 51.588625312615164]

