Generation 14:
Object: fox_toy
Position: [5.289805058609439, 4.5, 2.2]
Rotation: [46.8008900103481, -56.601935351038605, 98.80646353505796]

Object: pillow__black
Position: [5.085673675309449, 4.5, 2.47724197633441]
Rotation: [49.00995567761487, 47.13645286862689, 81.51933999866242]

Object: pillow(2)
Position: [5.0, 4.5, 2.913078873983663]
Rotation: [-58.41690395639483, 152.9700666021106, -27.192720668989182]

