Generation 1:
Object: fox_toy
Position: [5.125689359889597, 4.5, 2.4741232180106776]
Rotation: [-179.4362718397108, -170.74343598828, 77.74727328376298]

Object: slippers
Position: [5.0692931994300565, 4.5, 2.3284112973481124]
Rotation: [-174.37127740698466, -134.0680754361496, -164.47902486331773]

Object: fuzzy_slippers
Position: [5.095452508539381, 4.5, 2.277516142225028]
Rotation: [-156.76607019752652, -130.6873318177167, -159.333383849863]

Object: pillow__black
Position: [5.0, 4.5, 2.2]
Rotation: [-136.17521781567427, -172.9208021858717, 141.54410551129615]

