Generation 12:
Object: fox_toy
Position: [5.0, 4.5, 2.2]
Rotation: [26.22768019942714, 60.974259869752075, -158.62732320140137]

Object: slippers
Position: [5.0, 4.5, 2.2]
Rotation: [153.57430971799602, -57.92582476139279, 150.32103350932886]

Object: fuzzy_slippers
Position: [5.0, 4.5, 2.4835856018193616]
Rotation: [-150.85363753849032, -139.68231405501925, 25.39691283412958]

Object: pillow__black
Position: [5.413328474075193, 4.5, 2.278735184091853]
Rotation: [-80.60178066706797, 103.79513027276596, -153.83283204283356]

