Generation 3:
Object: fox_toy
Position: [5.211414889161093, 4.5, 2.2]
Rotation: [65.44509561330523, 80.08993161597232, -110.02755497128024]

Object: pillow__black
Position: [5.0, 4.5, 2.2]
Rotation: [-84.64601315291237, 97.33979096194946, -159.8142022333616]

Object: pillow(2)
Position: [5.0, 4.5, 2.4989443841560757]
Rotation: [178.22530392632416, -135.82924129440394, 150.3219144370678]

