Generation 18:
Object: fox_toy
Position: [5.0, 4.5, 2.9216800371830574]
Rotation: [153.25129647553308, -93.34040729549285, -110.72631677760262]

Object: pillow__black
Position: [5.548226124970407, 4.5, 2.961376686047776]
Rotation: [24.765423913345444, -39.136854556342314, -72.0715759788136]

Object: pillow(2)
Position: [5.0, 4.5, 2.2]
Rotation: [21.06265968204798, -175.38899097984836, -134.01923667441585]

