Generation 5:
Object: fox_toy
Position: [5.0, 4.5, 2.2]
Rotation: [-110.83526955682493, 175.83913304105033, 75.40536669840219]

Object: pillow__black
Position: [5.0, 4.5, 2.2]
Rotation: [138.999075875347, 178.433324255012, 57.97303537295045]

Object: pillow(2)
Position: [5.0, 4.5, 2.430019430837546]
Rotation: [170.7998511783979, -178.33347348315237, 26.54657136599485]

