Generation 16:
Object: fox_toy
Position: [5.525412892733557, 4.5, 2.2]
Rotation: [-19.649468126666648, 169.4869909807196, -155.56321476947483]

Object: slippers
Position: [5.918691034150347, 4.5, 3.2086595413023185]
Rotation: [-167.19646751438063, -65.19324651105129, 109.3328477360335]

Object: fuzzy_slippers
Position: [5.0, 4.5, 2.2]
Rotation: [-34.838271800027655, 23.425129075537484, -53.85822082895028]

Object: pillow__black
Position: [5.0, 4.5, 2.2]
Rotation: [-87.56574469776643, -12.988541395727111, 51.856280947756545]

