Generation 12:
Object: fox_toy
Position: [5.193914529216007, 4.5, 2.2]
Rotation: [29.434087440733634, -164.08299650650238, -159.1967073063805]

Object: pillow__black
Position: [5.0, 4.5, 2.2523315228652985]
Rotation: [134.8333109560906, 176.56253290029042, -162.99292182640522]

Object: pillow(2)
Position: [5.0, 4.5, 2.2]
Rotation: [-5.922037630845608, -102.90636151300058, 75.07759061923537]

