Generation 3:
Object: fox_toy
Position: [5.152548461445092, 4.5, 2.268615812004715]
Rotation: [165.93738918318502, 161.41874555995395, 79.82865161716637]

Object: slippers
Position: [5.138827638059139, 4.5, 2.2]
Rotation: [84.2697134202142, -101.1164765862841, -151.9984933397171]

Object: fuzzy_slippers
Position: [5.0, 4.5, 2.269984178336292]
Rotation: [120.21712266043147, -143.2860040830264, -103.45417058609067]

Object: pillow__black
Position: [5.0, 4.5, 2.2]
Rotation: [76.52326663652048, -133.87420643038132, 119.43198817304608]

