Generation 16:
Object: fox_toy
Position: [6.0, 4.5, 2.8104687408181324]
Rotation: [-157.2568686228774, 110.61812143062781, -136.87001743966556]

Object: slippers
Position: [5.76369811335599, 4.5, 2.2]
Rotation: [161.1278485119667, -69.22310662612324, 74.68319762095405]

Object: fuzzy_slippers
Position: [5.0, 4.5, 2.2]
Rotation: [-116.28185635868414, -72.7971286094076, -146.06541914820394]

Object: pillow__black
Position: [5.0, 4.5, 2.2]
Rotation: [-100.98712794322437, 170.60717425550763, 142.40657769259178]

