Generation 12:
Object: fox_toy
Position: [5.0, 4.5, 2.2937277294653997]
Rotation: [50.0341776317149, -37.004597225653356, 84.82667934689084]

Object: pillow__black
Position: [5.23163584489662, 4.5, 2.841480004887898]
Rotation: [55.04449939950132, 122.95870711568944, 68.46074095330601]

Object: pillow(2)
Position: [5.282063772977265, 4.5, 2.345188822060089]
Rotation: [-30.808252534550576, -62.34164224933183, -153.8156081535733]

