Generation 1:
Object: fox_toy
Position: [5.0, 4.5, 2.2]
Rotation: [-135.67131625749698, -174.3939429235056, 153.37874084973208]

Object: slippers
Position: [5.100640270783076, 4.5, 2.2]
Rotation: [-178.36215627252122, -147.1774545619993, 136.30054986466024]

Object: fuzzy_slippers
Position: [5.0, 4.5, 2.2]
Rotation: [153.4912613417057, 166.75440969316674, -165.25482306694988]

Object: pillow__black
Position: [5.027440474990969, 4.5, 2.2]
Rotation: [178.72627146908906, -139.91251079945204, -141.10059706852354]

