Generation 20:
Object: fox_toy
Position: [5.0, 4.5, 2.2]
Rotation: [-44.0288084659162, -34.13743603690409, 129.70728569721462]

Object: pillow__black
Position: [5.760298982079056, 4.5, 2.4533347760699957]
Rotation: [-143.83701893219236, -74.89204706269373, 28.487690110830158]

Object: pillow(2)
Position: [5.0, 4.5, 2.2]
Rotation: [-86.31554231024069, -178.21590438186055, -33.0950041376351]

