Generation 9:
Object: fox_toy
Position: [5.0, 4.5, 2.2]
Rotation: [-87.3081261791698, 24.98118091460836, -93.88788953122254]

Object: slippers
Position: [5.0, 4.5, 2.3316609064421225]
Rotation: [55.387762637326745, -21.40887103402352, -24.101446332129882]

Object: fuzzy_slippers
Position: [5.196339095000362, 4.5, 2.2]
Rotation: [62.37060069525188, -32.692619386577405, 77.8404793512434]

Object: pillow__black
Position: [5.33548934881125, 4.5, 2.5138610574978237]
Rotation: [52.70454306697525, -139.67576548833046, 125.24765880279631]

