Generation 8:
Object: fox_toy
Position: [5.008937788719948, 4.5, 2.3968098845171917]
Rotation: [173.2764163431873, 81.3794314110848, 163.868269162273]

Object: pillow__black
Position: [5.177753529999121, 4.5, 2.6504677718124547]
Rotation: [-103.65807004196655, 101.90509274973931, 112.93823377028542]

Object: pillow(2)
Position: [5.0, 4.5, 2.2]
Rotation: [56.917915538837576, 23.87457007367823, -127.50971461899456]

