Generation 4:
Object: fox_toy
Position: [5.0, 4.5, 2.2]
Rotation: [-141.9236637509108, -24.22158874948937, -130.59935563442622]

Object: pillow__black
Position: [5.083727783350426, 4.5, 2.2]
Rotation: [51.80085363496801, 133.28887791476956, -149.03203495160867]

Object: pillow(2)
Position: [5.0, 4.5, 2.2]
Rotation: [-157.16521332472442, -97.12928152201108, 167.9351888900989]

