Generation 18:
Object: fox_toy
Position: [5.0, 4.5, 2.2]
Rotation: [-28.407234969022397, -53.722775504514246, 123.05484953182088]

Object: pillow__black
Position: [5.772217315411363, 4.5, 2.2654512084059557]
Rotation: [-113.1798992225109, -89.29805085641979, 45.95750612053121]

Object: pillow(2)
Position: [5.0, 4.5, 2.2]
Rotation: [-149.18461970838325, 107.53631521219796, -52.98609012986299]

