Generation 10:
Object: fox_toy
Position: [5.492293943641463, 4.5, 2.675920239309263]
Rotation: [105.72505024520251, -112.57131304088455, 37.01840202795984]

Object: pillow__black
Position: [5.820314989859636, 4.5, 2.2]
Rotation: [-44.960361488186834, -39.71788440324025, 97.56567833772147]

Object: pillow(2)
Position: [5.169569544340939, 4.5, 2.3386327311270287]
Rotation: [-36.085312555728706, 49.96749365769682, 63.34999451840093]

