Generation 13:
Object: fox_toy
Position: [5.016352994064556, 4.5, 2.636330972773841]
Rotation: [-164.65601425466735, 35.26546663440354, 170.77116624282297]

Object: pillow__black
Position: [5.400153249078878, 4.5, 2.8423918289168]
Rotation: [-63.24599780196627, -145.15954722333132, -108.55860035638636]

Object: pillow(2)
Position: [5.0, 4.5, 2.576999692772636]
Rotation: [-92.68121995252429, -1.163239888712269, 71.31337995390135]

