Generation 17:
Object: fox_toy
Position: [5.322381747797953, 4.5, 2.2409973151638343]
Rotation: [-17.757976070371086, 172.2983732866104, -4.2919618348520885]

Object: pillow__black
Position: [5.0, 4.5, 2.447812525756823]
Rotation: [-69.83772590288355, -24.080664657661146, -80.03207972614727]

Object: pillow(2)
Position: [5.0, 4.5, 2.245298568509262]
Rotation: [172.0917219391432, -75.72291144684579, 163.80265827575164]

