Generation 14:
Object: fox_toy
Position: [5.270500374189987, 4.5, 2.5313034737916613]
Rotation: [8.285921198372534, -110.37621019220778, 79.73418753376268]

Object: pillow__black
Position: [5.0, 4.5, 2.2317880952402187]
Rotation: [-6.871764627113919, 93.62328625590544, -84.65690401640637]

Object: pillow(2)
Position: [5.054687389927787, 4.5, 2.2]
Rotation: [-163.20831048354694, 8.753925849784139, 159.22035614527704]

