Generation 16:
Object: fox_toy
Position: [5.707271805970668, 4.5, 2.2]
Rotation: [-74.52947871570699, 39.20209422940047, -73.13527513127259]

Object: slippers
Position: [5.0, 4.5, 2.5088693189862603]
Rotation: [-131.84851036023613, 31.694562652786203, -57.20726343004765]

Object: fuzzy_slippers
Position: [5.3169538352432335, 4.5, 2.582124923202769]
Rotation: [88.8454881459412, -89.57088441729995, -42.46791322513306]

Object: pillow__black
Position: [5.000042465754732, 4.5, 3.2910389819254187]
Rotation: [-32.501956150422416, -21.318483410425387, 57.62446252698123]

