Generation 3:
Object: fox_toy
Position: [5.0, 4.5, 2.2]
Rotation: [133.5086054768567, 55.32859501286998, -141.8456014875384]

Object: slippers
Position: [5.306954266028926, 4.5, 2.2]
Rotation: [-117.49724157641678, -114.27298711339043, -86.78744237466118]

Object: fuzzy_slippers
Position: [5.131280601642524, 4.5, 2.2085887396345227]
Rotation: [-136.35603925877794, -76.04956967345224, -101.4617108558865]

Object: pillow__black
Position: [5.023861076807419, 4.5, 2.300292118528443]
Rotation: [-119.10009270624873, 154.49161513042247, 165.14909786377387]

