Generation 1:
Object: fox_toy
Position: [5.2080268533092555, 4.5, 2.2]
Rotation: [161.12165896605256, 156.6655328455373, -172.25864522130803]

Object: pillow__black
Position: [5.0, 4.5, 2.38009837880368]
Rotation: [155.02388602085216, -146.79726117367397, -171.56322943770397]

Object: pillow(2)
Position: [5.108575188511345, 4.5, 2.3068347172621486]
Rotation: [134.70982619239783, -145.60694563908424, -167.0438214064319]

