Generation 7:
Object: fox_toy
Position: [5.0, 4.5, 2.2]
Rotation: [158.0110708965276, -102.53878685553542, -133.8155896129325]

Object: pillow__black
Position: [5.197702632932994, 4.5, 2.2]
Rotation: [-31.521823299675447, 81.44877485838828, -53.39353067644936]

Object: pillow(2)
Position: [5.0, 4.5, 2.2]
Rotation: [134.74436362552262, 133.6841663048886, 148.4967523153348]

