Generation 14:
Object: fox_toy
Position: [5.189126518070727, 4.5, 2.2]
Rotation: [54.056312041049296, -108.36536865118167, 96.558802897759]

Object: pillow__black
Position: [5.0, 4.5, 3.1526843661926915]
Rotation: [129.88698542157863, 19.548442062901245, 176.7157946205375]

Object: pillow(2)
Position: [5.522616236464093, 4.5, 2.484229505549516]
Rotation: [135.9126245457162, -89.97401698174082, -48.22558106577014]

