Generation 8:
Object: fox_toy
Position: [5.234970692457964, 4.5, 2.2]
Rotation: [-25.424332451777133, -130.10797438030664, 127.44524212351769]

Object: pillow__black
Position: [5.0185449828203605, 4.5, 2.2]
Rotation: [107.75804222347779, -9.683082615923695, 159.43036374085472]

Object: pillow(2)
Position: [5.0, 4.5, 2.791322948385251]
Rotation: [23.267960765848045, 165.96331112982017, 0.1489111546434856]

