Generation 2:
Object: fox_toy
Position: [5.0, 4.5, 2.350905459935581]
Rotation: [-75.67701431449724, 141.3425589758346, -173.51668192184295]

Object: pillow__black
Position: [5.0008089105431495, 4.5, 2.339161165327164]
Rotation: [-131.47835735415936, -149.9605790459592, 106.01850931685732]

Object: pillow(2)
Position: [5.050119332517412, 4.5, 2.3643186049753075]
Rotation: [-177.22567068527252, 161.1394290267458, -142.28063702179446]

