Generation 19:
Object: fox_toy
Position: [5.698757054047142, 4.5, 2.2]
Rotation: [102.04702057554675, 177.9365557757303, -154.45991707726444]

Object: pillow__black
Position: [5.0, 4.5, 2.7115618688023675]
Rotation: [-81.87482032799721, 156.81792406597322, -78.20330058631416]

Object: pillow(2)
Position: [5.250885917393634, 4.5, 2.5657016090514757]
Rotation: [174.81120341664194, -145.36081064551533, 94.40529373797938]

