Generation 17:
Object: fox_toy
Position: [5.0, 4.5, 2.7046528722357084]
Rotation: [52.09694584937421, 24.7115226704816, -152.2456045079235]

Object: pillow__black
Position: [5.744906334192041, 4.5, 2.889690285480201]
Rotation: [35.51782657552616, 162.90441865654248, 149.91536449948933]

Object: pillow(2)
Position: [5.0, 4.5, 2.3508855983392007]
Rotation: [15.051921767196774, 59.01256953513035, 35.24188426374093]

