Generation 12:
Object: fox_toy
Position: [5.0, 4.5, 2.2]
Rotation: [27.544480463169748, -71.92677974400635, -137.82144249469468]

Object: pillow__black
Position: [5.0, 4.5, 2.2]
Rotation: [-83.3039958818284, 36.73582553082656, -34.88793969756057]

Object: pillow(2)
Position: [5.0, 4.5, 2.419034610978916]
Rotation: [77.0281714864704, -47.87153744767534, -93.3046639921598]

