Generation 8:
Object: fox_toy
Position: [5.0, 4.5, 2.33074047226017]
Rotation: [-91.8327477237847, -55.429133166096605, -164.63291657768272]

Object: pillow__black
Position: [5.385018343120064, 4.5, 2.5074948117915374]
Rotation: [119.11327419011315, 21.764806288018917, 69.45129969416303]

Object: pillow(2)
Position: [5.0, 4.5, 2.2]
Rotation: [52.049684985077874, -92.31019134406112, -153.41942255935842]

