Generation 11:
Object: fox_toy
Position: [5.096039730982072, 4.5, 2.949822131246794]
Rotation: [56.41059419250121, 32.90293004991304, -22.937875209610183]

Object: pillow__black
Position: [5.546057672925711, 4.5, 3.0719673536707197]
Rotation: [12.986107407292394, 159.08712270545936, 166.87983699171537]

Object: pillow(2)
Position: [5.0, 4.5, 2.2558841510903767]
Rotation: [-73.90318159775538, 99.74965515187597, 24.29728783717013]

