Generation 8:
Object: fox_toy
Position: [5.0, 4.5, 2.8773109997103514]
Rotation: [131.60217526385645, 114.66621097562575, 83.43339463157906]

Object: pillow__black
Position: [5.277615766499872, 4.5, 2.8491734725892615]
Rotation: [-23.434153321133948, 141.3560202551251, -72.89612420200784]

Object: pillow(2)
Position: [5.0, 4.5, 2.6145428695008786]
Rotation: [-96.94807474622506, 20.67585411061475, 83.4904369542682]

