Generation 9:
Object: fox_toy
Position: [5.0, 4.5, 2.661049650124735]
Rotation: [-145.01018652269272, -70.44518431445759, 172.61822132678583]

Object: pillow__black
Position: [5.27266485052002, 4.5, 2.303140086641838]
Rotation: [10.292493498626413, 41.63469475809882, -22.454225155727386]

Object: pillow(2)
Position: [5.0, 4.5, 2.2]
Rotation: [100.40030002857145, 167.00853926458234, -122.94369355482203]

