Generation 15:
Object: fox_toy
Position: [5.0, 4.5, 2.2581190040731722]
Rotation: [-154.43515117115234, -69.91875680351417, -27.516830271316678]

Object: pillow__black
Position: [5.150045322753994, 4.5, 2.2]
Rotation: [32.26393824389305, 16.533745885971314, -97.0614613498845]

Object: pillow(2)
Position: [5.190697688638415, 4.5, 2.2]
Rotation: [-167.46066455966647, 70.20376589964866, -179.21910317041906]

