Generation 10:
Object: fox_toy
Position: [5.0, 4.5, 2.2]
Rotation: [-120.63781224312665, 16.692082897023965, -133.83601601798557]

Object: slippers
Position: [5.0, 4.5, 2.3166254807432076]
Rotation: [77.15532758928254, 40.38696966842397, -1.6906784544845266]

Object: fuzzy_slippers
Position: [5.4599231271605895, 4.5, 2.2]
Rotation: [30.46727600496729, 3.6741031141654616, 44.792163890765096]

Object: pillow__black
Position: [5.177705726146061, 4.5, 2.4191136158092466]
Rotation: [-158.37801124043517, -179.3658886896192, 170.94272111733562]

