Generation 2:
Object: fox_toy
Position: [5.0, 4.5, 2.2]
Rotation: [-110.73197784925522, -77.09900861820643, 116.16811046032376]

Object: slippers
Position: [5.0, 4.5, 2.2]
Rotation: [-129.18366887217232, 161.97940850433832, -151.54231156906283]

Object: fuzzy_slippers
Position: [5.222772855331533, 4.5, 2.2]
Rotation: [132.69182880561016, 120.27018603632644, -137.6444438575748]

Object: pillow__black
Position: [5.01005024181616, 4.5, 2.5425196691709795]
Rotation: [79.0509447592757, 110.0007535807361, 157.4103559154035]

