Generation 13:
Object: fox_toy
Position: [5.0, 4.5, 2.2]
Rotation: [90.23183451362962, 49.23540990034161, -128.25395053779982]

Object: pillow__black
Position: [5.078575302367009, 4.5, 2.2]
Rotation: [83.45897923773339, 51.47990391554231, -104.17193898707683]

Object: pillow(2)
Position: [5.0, 4.5, 2.3967058892789392]
Rotation: [143.9479751120038, 94.37784470354575, -19.186257634767458]

