Generation 20:
Object: fox_toy
Position: [5.489254342212251, 4.5, 3.0156888266854343]
Rotation: [-148.54935642318276, -50.49486131860181, -18.749550683705195]

Object: pillow__black
Position: [6.0, 4.5, 2.2]
Rotation: [-146.57597052725515, -110.81080371361485, -45.14571630493265]

Object: pillow(2)
Position: [5.015516645186849, 4.5, 2.3957180886542497]
Rotation: [-102.70745221334583, 134.60738569732337, 51.91409050434106]

