Generation 2:
Object: fox_toy
Position: [5.040560268797551, 4.5, 2.2]
Rotation: [171.0665155352442, -124.56800693896707, 132.19456493338515]

Object: pillow__black
Position: [5.204244982305036, 4.5, 2.2]
Rotation: [77.73363958424432, 87.06179296079546, -107.40112682693493]

Object: pillow(2)
Position: [5.031912658076361, 4.5, 2.3128159263294976]
Rotation: [149.39148283123507, -66.76484816727557, 146.01530292582203]

