Generation 19:
Object: fox_toy
Position: [5.0, 4.5, 2.9514027749284453]
Rotation: [95.82290846164864, -124.24885596010542, 142.78769382297952]

Object: pillow__black
Position: [5.50278706407848, 4.5, 2.963428702388865]
Rotation: [25.112136889656085, -35.95700669575234, -83.93757032353534]

Object: pillow(2)
Position: [5.129341358293736, 4.5, 2.2]
Rotation: [45.07666204330093, -126.94095120766505, 178.00811231748116]

