Generation 19:
Object: fox_toy
Position: [5.0, 4.5, 2.7404433767841363]
Rotation: [19.874231170473422, -40.95791202866843, -134.30916630763392]

Object: pillow__black
Position: [5.5717224892627435, 4.5, 2.9122089273558145]
Rotation: [39.67031663170064, 168.91100858169375, 167.33624597524727]

Object: pillow(2)
Position: [5.0, 4.5, 2.305574460099979]
Rotation: [60.82240969424524, 49.63648732569584, 5.979543568236579]

