Generation 13:
Object: fox_toy
Position: [5.0, 4.5, 2.2]
Rotation: [30.116700112320018, -83.434155376954, 125.96986483380789]

Object: slippers
Position: [5.0, 4.5, 3.01972868627378]
Rotation: [97.78161837689288, 87.81164464100738, -131.65671088701168]

Object: fuzzy_slippers
Position: [5.0, 4.5, 2.2]
Rotation: [74.70857326264758, 130.16215223359302, -24.456418333871852]

Object: pillow__black
Position: [5.0, 4.5, 2.2]
Rotation: [-112.12463847314382, 92.782238438575, 13.988022565302572]

