Generation 10:
Object: fox_toy
Position: [5.0, 4.5, 2.2]
Rotation: [96.28610378834372, -33.602156146839604, -170.18424181779366]

Object: pillow__black
Position: [5.0, 4.5, 2.2]
Rotation: [-120.15115864779364, 56.21244680197981, -66.4025138476787]

Object: pillow(2)
Position: [5.0, 4.5, 2.75305670543048]
Rotation: [118.40272288192483, 21.66378502871251, -117.01485118742085]

