Generation 16:
Object: fox_toy
Position: [5.0, 4.5, 2.2]
Rotation: [-110.43934548082747, -165.24899233773718, 113.2757422180319]

Object: pillow__black
Position: [5.074678854777726, 4.5, 2.2]
Rotation: [104.45834629433534, -111.94518651878663, -26.133521270360234]

Object: pillow(2)
Position: [5.433532448721232, 4.5, 2.2]
Rotation: [-137.90530555385595, -20.99571446493306, -65.44147968751668]

