Generation 6:
Object: fox_toy
Position: [5.0, 4.5, 2.2]
Rotation: [-5.1884961011313635, -19.101667614201148, 116.39017242067484]

Object: pillow__black
Position: [5.3347887268531755, 4.5, 2.472667676417437]
Rotation: [-132.68222217873688, -82.93088145984812, 69.24001793603054]

Object: pillow(2)
Position: [5.124188601744608, 4.5, 2.2]
Rotation: [163.3050006347894, 138.65764294143298, -174.5206707883285]

