Generation 20:
Object: fox_toy
Position: [5.474768829287181, 4.5, 2.2]
Rotation: [-117.4635131878494, 29.19404170973945, -66.76843558948242]

Object: slippers
Position: [5.16378418385182, 4.5, 2.547065085870446]
Rotation: [-93.6395968502297, -97.10833233209473, -79.97587865000196]

Object: fuzzy_slippers
Position: [5.324037511304428, 4.5, 2.654301765596339]
Rotation: [75.8576331786486, -51.85449086850545, -19.578920708723842]

Object: pillow__black
Position: [5.0, 4.5, 3.4927414449084484]
Rotation: [-7.500043835217639, 24.223752587977714, 92.80615003902403]

