Generation 8:
Object: fox_toy
Position: [5.409689096993829, 4.5, 2.2325476234805275]
Rotation: [76.72439709516408, 149.50114026215255, -34.18811136777185]

Object: slippers
Position: [5.460427768400725, 4.5, 2.2]
Rotation: [-62.81767456510272, 64.00326422057088, -48.908570397261656]

Object: fuzzy_slippers
Position: [5.0, 4.5, 2.207834279668388]
Rotation: [35.94113565408202, -115.533797933173, -124.9382434440275]

Object: pillow__black
Position: [5.0, 4.5, 2.2]
Rotation: [131.18009611400498, 94.93916519698308, 101.54736536958205]

