Generation 16:
Object: fox_toy
Position: [5.2068274126015615, 4.5, 2.2]
Rotation: [133.90898114257885, 95.70481270085293, 174.2555320604131]

Object: pillow__black
Position: [5.3643587775405415, 4.5, 2.9904875543043037]
Rotation: [155.38418481750614, 58.73320925790466, -52.982789619055666]

Object: pillow(2)
Position: [5.0, 4.5, 2.2]
Rotation: [105.48209095862376, 46.00185359793102, -178.5645868838934]

