Generation 5:
Object: fox_toy
Position: [5.447114768519842, 4.5, 2.8696266433578677]
Rotation: [-155.77580254979213, -94.96298243861193, 165.64474360119516]

Object: pillow__black
Position: [5.0, 4.5, 2.2]
Rotation: [130.35555242887847, 161.81513849113298, -149.5560121133015]

Object: pillow(2)
Position: [5.290220964100478, 4.5, 2.5980283980876253]
Rotation: [177.667932104157, 120.0826691611652, -88.20302739875476]

