Generation 10:
Object: fox_toy
Position: [5.0, 4.5, 2.2]
Rotation: [27.60820181667242, -174.72883174438536, 39.70839575197658]

Object: pillow__black
Position: [5.674151186498256, 4.5, 2.5817952169209484]
Rotation: [-62.06546810774586, -53.57084635273648, 116.62029859490417]

Object: pillow(2)
Position: [5.0, 4.5, 2.2]
Rotation: [-175.77923172817748, 97.76042353522269, -1.9654576890585531]

