Generation 16:
Object: fox_toy
Position: [5.0, 4.5, 2.2353367780106783]
Rotation: [-97.47487234784538, -9.692600352058008, -83.77321803613034]

Object: pillow__black
Position: [5.44104964668626, 4.5, 2.2]
Rotation: [123.26019874630174, 76.26450390519716, 35.32547413523497]

Object: pillow(2)
Position: [5.0, 4.5, 2.3957111434733878]
Rotation: [-161.34185271310358, 55.82865510855001, -131.54353846720272]

