Generation 13:
Object: fox_toy
Position: [5.129755438352177, 4.5, 2.399484628100403]
Rotation: [107.41173358824068, 69.17125665650019, -108.13478765897673]

Object: pillow__black
Position: [5.345923387505506, 4.5, 3.0963614954395604]
Rotation: [-120.7786403628257, 87.76328660762334, 18.086334103516947]

Object: pillow(2)
Position: [5.0, 4.5, 2.2]
Rotation: [128.6000842851373, 12.062338299863256, 158.16257534131415]

