Generation 7:
Object: fox_toy
Position: [5.0, 4.5, 2.2]
Rotation: [-49.16886336574228, -178.35318002836485, -58.827144518115944]

Object: pillow__black
Position: [5.025103573356299, 4.5, 2.5526335224999]
Rotation: [157.88335494865044, -176.5695722816029, 152.7745663255381]

Object: pillow(2)
Position: [5.045704085030751, 4.5, 2.417893931156827]
Rotation: [159.64641173585994, -3.32101877013838, -39.01588123912117]

