Generation 2:
Object: fox_toy
Position: [5.037538594976484, 4.5, 2.2]
Rotation: [140.76337580680138, 114.27586106351782, -169.7598877792462]

Object: pillow__black
Position: [5.055111884812703, 4.5, 2.217660048227622]
Rotation: [157.87800169653661, 178.11790189210626, -149.4699786713797]

Object: pillow(2)
Position: [5.0, 4.5, 2.2]
Rotation: [-138.04644634975563, 110.74655616124119, -111.0507812038752]

