Generation 3:
Object: fox_toy
Position: [5.113953553221687, 4.5, 2.2]
Rotation: [-138.01165692967115, -120.2180437940878, 177.27478957087106]

Object: slippers
Position: [5.165353741020041, 4.5, 2.3834107680772285]
Rotation: [147.68814340513643, -131.38780009012166, 149.77645028344807]

Object: fuzzy_slippers
Position: [5.135134582863228, 4.5, 2.2]
Rotation: [144.58056938120228, 153.288878383868, -80.50935011632541]

