Generation 4:
Object: fox_toy
Position: [5.0, 4.5, 2.2]
Rotation: [-114.22626337668052, 159.2270586359179, -133.8274691906689]

Object: pillow__black
Position: [5.0, 4.5, 2.5506603511485446]
Rotation: [-155.73881119445855, -127.07207493886753, 135.25411046843362]

Object: pillow(2)
Position: [5.2525495195699765, 4.5, 2.4186027418161844]
Rotation: [-157.53814116937858, 78.04621055405966, -123.23956039144696]

