Generation 17:
Object: fox_toy
Position: [5.340097803589094, 4.5, 2.2]
Rotation: [157.86072901672458, -61.593450031418044, 61.09917680688625]

Object: pillow__black
Position: [5.0, 4.5, 2.9330879262878957]
Rotation: [137.90997271324892, 155.48604561866784, 164.0541533380146]

Object: pillow(2)
Position: [5.535806304048817, 4.5, 2.204822420035411]
Rotation: [44.669691507946936, -88.59444313066003, -49.31066082256899]

