Generation 20:
Object: fox_toy
Position: [5.0, 4.5, 2.43345797281345]
Rotation: [-88.8518265894087, -75.78021339086564, -45.06160269315342]

Object: pillow__black
Position: [5.301854592328838, 4.5, 2.2]
Rotation: [98.74676114665624, 69.83544002747766, -4.982289064839279]

Object: pillow(2)
Position: [5.0, 4.5, 2.2]
Rotation: [-143.21843653653124, 83.70422860518318, -152.74363047908747]

