Generation 11:
Object: fox_toy
Position: [5.0, 4.5, 2.2]
Rotation: [38.35398306585034, -24.467806544508107, 177.59780966334313]

Object: pillow__black
Position: [5.0, 4.5, 2.2]
Rotation: [-89.441050374748, 47.05519429202377, -47.1112406402834]

Object: pillow(2)
Position: [5.0, 4.5, 2.785156230168898]
Rotation: [111.6570653760997, 32.84642696046123, -116.50662481311244]

