Generation 12:
Object: fox_toy
Position: [5.237281123259464, 4.5, 2.2]
Rotation: [96.03902583306711, -29.201340845833442, 119.95452238176898]

Object: pillow__black
Position: [5.0, 4.5, 2.5357073405684414]
Rotation: [71.93673231297117, 69.55026864238141, 108.08776821751007]

Object: pillow(2)
Position: [5.0, 4.5, 2.805657126006258]
Rotation: [-97.8920717031092, -131.58057398693308, -42.10295378065132]

