Generation 12:
Object: fox_toy
Position: [5.0, 4.5, 2.2]
Rotation: [134.78520341396154, -6.932345960031967, -48.41141900842322]

Object: slippers
Position: [5.622123310078163, 4.5, 2.2]
Rotation: [36.1846342345207, -168.75515799286106, 43.48843691715871]

Object: fuzzy_slippers
Position: [5.0, 4.5, 2.2]
Rotation: [-114.4103948557372, -70.20776435014862, 47.74672330829489]

Object: pillow__black
Position: [5.3035602916627385, 4.5, 2.6038870232475158]
Rotation: [-32.93466946959654, -54.17199301435073, 148.8755934836896]

