Generation 4:
Object: fox_toy
Position: [5.000704029882683, 4.5, 2.2]
Rotation: [-80.79136108248174, -18.62360366314246, -138.7482904513513]

Object: slippers
Position: [5.0, 4.5, 2.244182268848657]
Rotation: [-44.71195001709117, -81.50933413458097, -98.72564565280364]

Object: fuzzy_slippers
Position: [5.0, 4.5, 2.2]
Rotation: [134.4840084669085, 60.72116433838397, -152.86625816361934]

Object: pillow__black
Position: [5.288205150476793, 4.5, 2.4004193310434223]
Rotation: [136.41007402154935, 179.09850806974168, 98.39541203588726]

