Generation 11:
Object: fox_toy
Position: [5.0, 4.5, 2.767152768839056]
Rotation: [-144.31460438178902, -38.78713593607887, -49.94944662431445]

Object: pillow__black
Position: [5.485559891832224, 4.5, 2.812540712760578]
Rotation: [106.34716862418747, 68.94910963558112, -15.161414977192635]

Object: pillow(2)
Position: [5.0, 4.5, 2.2]
Rotation: [64.16456636957565, -127.14404873661425, -146.98058626893123]

