Generation 4:
Object: fox_toy
Position: [5.0, 4.5, 2.2]
Rotation: [127.3797990377775, -151.38074993099633, -127.85798414521665]

Object: pillow__black
Position: [5.063990332886608, 4.5, 2.2]
Rotation: [-131.58840813364827, 153.23987938506025, -127.42219181871384]

Object: pillow(2)
Position: [5.0, 4.5, 2.2]
Rotation: [109.50057674202333, 79.20127591221416, -121.97429588169454]

