Generation 5:
Object: fox_toy
Position: [5.122070771972901, 4.5, 2.328255177227522]
Rotation: [-133.05381704080781, -139.88813848720645, -141.55760751834336]

Object: pillow__black
Position: [5.0, 4.5, 2.40787692085418]
Rotation: [-139.7895132572013, 67.80433385750075, -73.17639168366786]

Object: pillow(2)
Position: [5.0, 4.5, 2.2]
Rotation: [-163.15675453641526, -125.3365322242409, -111.34159586933504]

