Generation 7:
Object: fox_toy
Position: [5.069015355621606, 4.5, 2.5626178467326786]
Rotation: [-142.08288852962198, 96.32453293867752, 108.36654825105677]

Object: pillow__black
Position: [5.3846166266157525, 4.5, 2.6785401438318512]
Rotation: [-63.97319206308224, -118.9592854744132, -73.1103220103194]

Object: pillow(2)
Position: [5.0, 4.5, 2.5847355062538235]
Rotation: [-64.22321025741356, 63.35037133329206, 74.57960707763897]

