Generation 7:
Object: fox_toy
Position: [5.0, 4.5, 2.5837415181984835]
Rotation: [133.45108645221512, 92.19331614180754, 139.12941223402322]

Object: pillow__black
Position: [5.224693892513019, 4.5, 2.660831983644997]
Rotation: [-143.53793551829952, 103.24232385156495, 52.11715394224012]

Object: pillow(2)
Position: [5.0, 4.5, 2.2]
Rotation: [54.26984754100175, 76.25451438873472, -142.2206102340136]

