Generation 14:
Object: fox_toy
Position: [5.30916396323115, 4.5, 2.9195513174886254]
Rotation: [-140.960522387125, -60.46863583292247, 109.31069878006411]

Object: pillow__black
Position: [6.0, 4.5, 2.2]
Rotation: [-37.158539932475435, -111.84952335349648, 71.8019849138567]

Object: pillow(2)
Position: [5.133059542017509, 4.5, 2.641536688225796]
Rotation: [-85.3956744137162, 123.07595960363119, -22.763305315766388]

