Generation 19:
Object: fox_toy
Position: [5.0, 4.5, 2.2]
Rotation: [-109.00708414328942, 53.402931184226134, -54.00349974324433]

Object: pillow__black
Position: [5.358185193469981, 4.5, 2.2]
Rotation: [55.15469615163528, 172.26334480090298, 19.26136882060655]

Object: pillow(2)
Position: [5.057372486320203, 4.5, 2.2617860370228478]
Rotation: [-171.9148057091029, 101.54098623366713, -176.51195460892714]

