Generation 15:
Object: fox_toy
Position: [5.0, 4.5, 2.289368847319095]
Rotation: [165.34794031407603, 93.51664834832178, 139.97495133742638]

Object: pillow__black
Position: [5.233708061198888, 4.5, 2.73487909973395]
Rotation: [-167.74757764761074, 139.08143704617578, -95.39860970423729]

Object: pillow(2)
Position: [5.0, 4.5, 2.2]
Rotation: [83.45818270774248, 51.1384279587914, 136.74030383732293]

