Generation 8:
Object: fox_toy
Position: [5.224679106409363, 4.5, 2.2200402596296747]
Rotation: [177.2402816625763, 89.85364825516615, -103.35872185270469]

Object: slippers
Position: [5.0, 4.5, 2.652296359052025]
Rotation: [-87.25329257015993, 98.28417194066492, 58.43759191067903]

Object: fuzzy_slippers
Position: [5.4391678366859075, 4.5, 2.583487703813848]
Rotation: [81.06020600166403, -127.42321770044916, -110.08554633536036]

Object: pillow__black
Position: [5.0, 4.5, 3.0584127056631005]
Rotation: [-120.38780029902594, -122.1029168920665, 73.09754219524581]

