Generation 13:
Object: fox_toy
Position: [5.700903231865752, 4.5, 2.2]
Rotation: [56.86579769164911, -94.38360003602378, -120.19452897370499]

Object: pillow__black
Position: [5.0, 4.5, 2.479594688408261]
Rotation: [-35.43820657753045, 116.52867187588049, -21.511997530066736]

Object: pillow(2)
Position: [5.3657157978371615, 4.5, 2.333062375213593]
Rotation: [130.16638236651283, -121.16364639837838, 28.683963338942135]

