Generation 4:
Object: fox_toy
Position: [5.0, 4.5, 2.2]
Rotation: [154.25913430454682, 84.2888744241016, 60.518380326163424]

Object: pillow__black
Position: [5.0, 4.5, 2.2]
Rotation: [160.61953383244008, -141.46480900315862, -138.908337938203]

Object: pillow(2)
Position: [5.0, 4.5, 2.5405017027671635]
Rotation: [117.23833162566456, -73.20522700114964, -146.14467892136517]

