Generation 1:
Object: fox_toy
Position: [5.0, 4.5, 2.2715773223818627]
Rotation: [133.83384292113772, -113.21124722122815, -98.8640985867281]

Object: pillow__black
Position: [5.114066389282789, 4.5, 2.3121126724938845]
Rotation: [172.9851874493736, -126.26845569415579, -162.37721026063514]

Object: pillow(2)
Position: [5.037650667485754, 4.5, 2.2]
Rotation: [-158.20164167545198, 170.74751902357434, 146.29979029001856]

