Generation 5:
Object: fox_toy
Position: [5.0, 4.5, 2.2]
Rotation: [-59.65483170494299, -169.70039108883745, -61.87014179832849]

Object: pillow__black
Position: [5.163317483875679, 4.5, 2.4753458933038854]
Rotation: [148.19195157613012, -154.76956944276526, 103.26733690689787]

Object: pillow(2)
Position: [5.096447427697181, 4.5, 2.2347378512686094]
Rotation: [-116.69245536095815, 60.57114792886, -65.72904925383605]

