Generation 6:
Object: fox_toy
Position: [5.0, 4.5, 2.243901251538238]
Rotation: [117.93650302694743, -135.25543816584008, -155.5607118567558]

Object: pillow__black
Position: [5.331787129559264, 4.5, 2.2]
Rotation: [147.1420944095675, 110.86152613182463, -82.98957474561769]

Object: pillow(2)
Position: [5.0, 4.5, 2.2]
Rotation: [164.59408153106483, 87.85996724154757, -138.78295455344744]

