Generation 11:
Object: fox_toy
Position: [5.0, 4.5, 2.2]
Rotation: [-144.08727407369756, -10.624093131769115, 169.74714256401734]

Object: pillow__black
Position: [5.503613847150823, 4.5, 2.2]
Rotation: [1.6825115950026657, 115.52398289079713, -129.0911456396106]

Object: pillow(2)
Position: [5.0, 4.5, 2.2]
Rotation: [171.99613829504386, -179.3923385600961, -54.74285073282324]

