Generation 9:
Object: fox_toy
Position: [5.067855002200063, 4.5, 2.2]
Rotation: [-68.50300949342872, 101.56659770952018, 126.19079974744807]

Object: pillow__black
Position: [5.0, 4.5, 2.760018095398327]
Rotation: [-31.297797388311608, -82.51343067202559, 79.44984253032015]

Object: pillow(2)
Position: [5.0, 4.5, 2.2]
Rotation: [-18.623835800978156, 133.80154035739673, -160.32000293749635]

