Generation 17:
Object: fox_toy
Position: [5.0, 4.5, 2.2]
Rotation: [-149.1728564153849, 106.46398215884881, -126.46667115587454]

Object: slippers
Position: [5.0, 4.5, 2.2]
Rotation: [25.60369773897031, 0.0868038719548565, -12.356498699552532]

Object: fuzzy_slippers
Position: [5.758065480423971, 4.5, 2.2]
Rotation: [-61.49388002891453, -77.48006744784317, -99.01582168943838]

Object: pillow__black
Position: [5.502510509828536, 4.5, 2.5547338083642375]
Rotation: [-85.71091228975115, 74.20136377826958, -70.87880491445655]

