Generation 15:
Object: fox_toy
Position: [5.479638889779406, 4.5, 2.766208032959518]
Rotation: [-169.41360741078057, -94.35427632085555, 25.568430859154432]

Object: pillow__black
Position: [5.983927778012557, 4.5, 2.2]
Rotation: [-86.59111786903394, 18.448348214813137, 40.279203322951616]

Object: pillow(2)
Position: [5.150438845128945, 4.5, 2.5063853218369294]
Rotation: [-37.784663339270395, 82.69488104388387, 20.86140079672856]

