Generation 11:
Object: fox_toy
Position: [5.313656289934412, 4.5, 2.2]
Rotation: [-12.298937091994361, -114.35976431294932, -131.54280411785413]

Object: pillow__black
Position: [5.0, 4.5, 2.3421486851979196]
Rotation: [63.252357059289466, -138.9377069968975, -153.5590899625478]

Object: pillow(2)
Position: [5.0, 4.5, 2.2]
Rotation: [-65.78354517004895, -65.51980542943804, 91.40246741539869]

