Generation 1:
Object: fox_toy
Position: [5.0, 4.5, 2.2]
Rotation: [138.24733363937014, 162.85258003472853, -157.6608259464896]

Object: pillow__black
Position: [5.0, 4.5, 2.2]
Rotation: [-148.14877190949792, -177.7842404150027, -130.17080707756566]

Object: pillow(2)
Position: [5.0, 4.5, 2.363824409435164]
Rotation: [144.6801779362155, -127.45871805784934, -174.5311959686448]

