Generation 4:
Object: fox_toy
Position: [5.193600766645871, 4.5, 2.2]
Rotation: [94.50262986291858, 140.32293070601867, 50.10433693457986]

Object: slippers
Position: [5.209164227655842, 4.5, 2.2]
Rotation: [143.10439863064556, -110.98482771542173, 118.37052422522072]

Object: fuzzy_slippers
Position: [5.10695293080534, 4.5, 2.2]
Rotation: [142.39629245388778, 69.23558739144613, 157.66069852094472]

Object: pillow__black
Position: [5.0, 4.5, 2.250878130916345]
Rotation: [-117.78308826273741, -101.22290492801656, 85.32518865480228]

