Generation 5:
Object: fox_toy
Position: [5.0, 4.5, 2.2]
Rotation: [102.6016667397356, 165.00305490724236, -136.83508503371436]

Object: slippers
Position: [5.166769281744004, 4.5, 2.2]
Rotation: [-26.04069328766883, -97.13869368924469, -71.2425596122517]

Object: fuzzy_slippers
Position: [5.063310306486675, 4.5, 2.2]
Rotation: [-135.00804705621692, -95.49211644246887, -42.055742935215505]

Object: pillow__black
Position: [5.018350636987075, 4.5, 2.513451910618323]
Rotation: [-165.67660759880098, 68.20446690360836, -167.27593864074362]

