Generation 8:
Object: fox_toy
Position: [5.536507625806839, 4.5, 2.635228483611449]
Rotation: [171.40914136963198, 4.4947294087420175, -178.56620396792025]

Object: pillow__black
Position: [5.0, 4.5, 2.2]
Rotation: [148.18239182815, 34.81522594816056, 92.21628796022878]

Object: pillow(2)
Position: [5.657308924631669, 4.5, 2.3047976024259267]
Rotation: [176.91746532413242, 178.03395666043616, 12.954247166793323]

