Generation 18:
Object: fox_toy
Position: [5.0, 4.5, 2.2937175238649017]
Rotation: [-166.75493725688227, -67.31170417969206, -23.191096032669805]

Object: pillow__black
Position: [5.318269388207204, 4.5, 2.2]
Rotation: [105.75550340659169, 81.22705468042625, -27.438265976477737]

Object: pillow(2)
Position: [5.0, 4.5, 2.2]
Rotation: [179.37150191987496, 53.19583507247307, -96.33925847640069]

