Generation 17:
Object: fox_toy
Position: [5.235466691536586, 4.5, 2.2]
Rotation: [65.8421716294664, 132.59098924674356, 10.354944927813534]

Object: slippers
Position: [5.05535301897863, 4.5, 2.2]
Rotation: [141.8862115127157, -122.80829339046448, -156.93927030728463]

Object: fuzzy_slippers
Position: [5.450810080593154, 4.5, 2.2]
Rotation: [-128.48856887095513, -44.184991642436046, 108.27022557352586]

Object: pillow__black
Position: [5.078474997776391, 4.5, 2.2]
Rotation: [-106.47049488309035, -172.30570114037124, 175.16047378214716]

