Generation 7:
Object: fox_toy
Position: [5.297191416533032, 4.5, 2.739181260122902]
Rotation: [89.62719241837931, 28.83241802091277, 90.98407500330046]

Object: pillow__black
Position: [5.515388635427903, 4.5, 2.2]
Rotation: [-71.76392628719078, -18.739003080057586, 77.85097836065029]

Object: pillow(2)
Position: [5.087966119941759, 4.5, 2.6477012560203077]
Rotation: [-11.258344638158349, 92.34157169211949, 89.82345934567803]

