Generation 2:
Object: fox_toy
Position: [5.0, 4.5, 2.403959618541882]
Rotation: [-176.97854826634878, -128.6810175117434, 127.37605000064366]

Object: pillow__black
Position: [5.0, 4.5, 2.471999120409133]
Rotation: [155.6565325833248, 147.86876359441112, -118.50619478817116]

Object: pillow(2)
Position: [5.058297794210726, 4.5, 2.21387469702076]
Rotation: [-132.81207710099733, -155.09886002334966, -161.40287778437124]

