Generation 20:
Object: fox_toy
Position: [5.02609458003312, 4.5, 2.5893870480640953]
Rotation: [-137.25011010393908, 113.41209718126316, -51.812995457841964]

Object: pillow__black
Position: [5.739379730086944, 4.5, 2.8910200987672523]
Rotation: [-101.41279821445801, 141.36006694088223, -104.98827439343701]

Object: pillow(2)
Position: [5.0, 4.5, 2.647556218163453]
Rotation: [-147.8999900925536, 9.873580233246173, 177.06391011436426]

