Generation 20:
Object: fox_toy
Position: [6.0, 4.5, 2.87994062290491]
Rotation: [143.17353309848102, 118.53473953414863, -103.4533868407284]

Object: slippers
Position: [6.0, 4.5, 2.2]
Rotation: [86.75379648160379, 169.86841345735593, -38.28603016349052]

Object: fuzzy_slippers
Position: [5.0, 4.5, 2.3044289684177626]
Rotation: [169.8758898103954, -144.25900372466091, -178.26425652701937]

Object: pillow__black
Position: [5.0, 4.5, 2.2]
Rotation: [-50.55564129132745, 165.6256471636019, 177.25942378155003]

