Generation 15:
Object: fox_toy
Position: [5.113257424814953, 4.5, 2.2903513584525306]
Rotation: [2.6114413236628877, 168.59239424446173, 2.9153260611150245]

Object: pillow__black
Position: [5.0, 4.5, 2.2]
Rotation: [-50.10106338665062, 1.1042277432285914, -146.9409655494399]

Object: pillow(2)
Position: [5.119852161410825, 4.5, 2.2]
Rotation: [-153.1804129123014, -69.38903592007797, 132.12292624516652]

