Generation 11:
Object: fox_toy
Position: [5.580925516013005, 4.5, 2.977519089641002]
Rotation: [-110.51047737093126, -121.37543754237642, -28.208747855704928]

Object: pillow__black
Position: [5.28984246566796, 4.5, 3.119016977656457]
Rotation: [-105.18306340854247, -17.45724370522521, 137.20593255837218]

Object: pillow(2)
Position: [5.570683780032654, 4.5, 2.4544999076803258]
Rotation: [-3.5670098454926915, -158.82517258801772, -34.57026219512443]

