Generation 15:
Object: fox_toy
Position: [5.412589981149517, 4.5, 2.2]
Rotation: [109.35357773688315, -36.95641681233434, 127.54515388871096]

Object: pillow__black
Position: [5.0, 4.5, 2.7972967731081844]
Rotation: [125.48502394316819, 4.872931203113751, -126.95218393140864]

Object: pillow(2)
Position: [5.504805091183597, 4.5, 2.35523736595408]
Rotation: [108.04873856935683, -48.569975769733105, -65.7079272483698]

