Generation 4:
Object: fox_toy
Position: [5.0, 4.5, 2.2]
Rotation: [-134.2250359688555, -124.24511872425123, -105.7221509245604]

Object: pillow__black
Position: [5.186318032889103, 4.5, 2.2]
Rotation: [-82.13910722634509, 86.88717929963565, -56.30363065695906]

Object: pillow(2)
Position: [5.0, 4.5, 2.2109922395960564]
Rotation: [126.60741786919385, 131.88656604259614, -137.17523874030624]

