Generation 11:
Object: fox_toy
Position: [5.040160508174994, 4.5, 2.2]
Rotation: [157.0626828445487, -135.73791283734545, -34.4675971609]

Object: pillow__black
Position: [5.0, 4.5, 2.2938769480924126]
Rotation: [99.12690661239674, -118.2384787003547, 69.5420749362811]

Object: pillow(2)
Position: [5.0, 4.5, 2.4626869519666967]
Rotation: [-15.408647103066187, 67.88957178261171, 133.26630136644746]

