Generation 16:
Object: fox_toy
Position: [5.644801965403634, 4.5, 2.2]
Rotation: [136.82162527051224, -86.53234669005201, -165.34842896392715]

Object: pillow__black
Position: [5.0, 4.5, 2.7434325466264236]
Rotation: [-75.87227957269037, 99.14416803175038, -17.924473347150922]

Object: pillow(2)
Position: [5.4105479480062835, 4.5, 2.4488028826632044]
Rotation: [162.13931623573689, -174.62335754198006, 22.091306981606067]

