Generation 19:
Object: fox_toy
Position: [5.083314831077242, 4.5, 2.2]
Rotation: [72.67805407311658, -131.4395058796492, -153.73804859927557]

Object: pillow__black
Position: [5.0, 4.5, 2.3202169611643497]
Rotation: [149.52906152957848, 160.10612095502057, -118.40349077861791]

Object: pillow(2)
Position: [5.0, 4.5, 2.2]
Rotation: [50.31583267539472, -171.07711356173684, 77.43929064987361]

