Generation 13:
Object: fox_toy
Position: [5.0, 4.5, 2.254452410769063]
Rotation: [149.00185378614094, -155.82777290449272, -19.71673848208016]

Object: pillow__black
Position: [5.105840528188257, 4.5, 2.2]
Rotation: [136.10578967204208, 15.602392383312576, -36.664624821811145]

Object: pillow(2)
Position: [5.263384531072069, 4.5, 2.2]
Rotation: [115.88765355380684, 48.46264592457675, 176.8760982399191]

