Generation 10:
Object: fox_toy
Position: [5.1797073455393825, 4.5, 2.2249512667498395]
Rotation: [-37.426365186875586, -146.14760087639922, 85.35875148945945]

Object: pillow__black
Position: [5.0, 4.5, 2.5411011822685454]
Rotation: [26.9073688804541, 10.920599988132807, 129.8323935890138]

Object: pillow(2)
Position: [5.0, 4.5, 2.6094341017718077]
Rotation: [29.599363248970917, -128.59145783562735, -30.88871185100794]

