Generation 18:
Object: fox_toy
Position: [5.68766443839714, 4.5, 2.2]
Rotation: [130.27847836037654, -123.5254141602702, 170.9299759718097]

Object: pillow__black
Position: [5.0, 4.5, 2.514826699155589]
Rotation: [-142.8073768393442, -157.9835062475604, -41.29543023091901]

Object: pillow(2)
Position: [5.309325447417478, 4.5, 2.5744597241424407]
Rotation: [-122.94219892240432, -70.06007195861744, 107.11751862089085]

