Generation 13:
Object: fox_toy
Position: [5.063870577610178, 4.5, 2.2]
Rotation: [-179.97844669830232, -143.09653364247404, 46.9104512960792]

Object: pillow__black
Position: [5.0, 4.5, 2.2]
Rotation: [-5.861532947061278, -1.3822314151793762, 80.69386099474951]

Object: pillow(2)
Position: [5.1650532571701735, 4.5, 2.2]
Rotation: [-29.999657142584283, 50.093057613764984, 149.0656525722867]

