Generation 17:
Object: fox_toy
Position: [5.140344554887722, 4.5, 2.2]
Rotation: [36.60985146838911, -34.87458504216235, 49.485680310609155]

Object: pillow__black
Position: [5.0, 4.5, 2.312169361640683]
Rotation: [106.68703039152581, 97.3200804217451, 43.63020270769624]

Object: pillow(2)
Position: [5.0, 4.5, 3.263554640623754]
Rotation: [-29.70260759781752, 157.499122909515, 40.22988299156998]

