Generation 13:
Object: fox_toy
Position: [5.5181180482636965, 4.5, 2.989980051287286]
Rotation: [-65.71423919418011, -67.76582916743932, 14.057571392836621]

Object: pillow__black
Position: [5.190381116160219, 4.5, 3.192273971819855]
Rotation: [-81.3754707912493, -47.994780378190626, 60.58618598693215]

Object: pillow(2)
Position: [5.550825194357546, 4.5, 2.3581383164426035]
Rotation: [-37.408760668300715, -117.80313937675587, -94.16749626576767]

