Generation 12:
Object: fox_toy
Position: [5.8084873648707624, 4.5, 2.4445382091592993]
Rotation: [123.31859688848482, 132.81610468074575, -39.282519187286994]

Object: slippers
Position: [5.605777631957203, 4.5, 2.2]
Rotation: [-105.67192215471101, -29.206389847854098, -1.4287905191598895]

Object: fuzzy_slippers
Position: [5.0, 4.5, 2.304512319447674]
Rotation: [-44.16836270216385, -101.2164693866859, -94.73654051660742]

Object: pillow__black
Position: [5.0, 4.5, 2.2]
Rotation: [169.4701902059751, 111.14325973057328, 81.03402369372435]

