Generation 13:
Object: fox_toy
Position: [5.506504278021214, 4.5, 2.2]
Rotation: [84.53076200716578, -44.9044532895723, 43.536787505171844]

Object: pillow__black
Position: [5.0, 4.5, 2.7330371987419744]
Rotation: [125.7223376559649, 70.38582498659508, 148.38131257281793]

Object: pillow(2)
Position: [5.700777595412552, 4.5, 2.2]
Rotation: [162.05634488743203, -89.10419330472368, -44.24594482096563]

