Generation 11:
Object: fox_toy
Position: [5.0, 4.5, 2.2]
Rotation: [-30.831167308056024, -58.322690910323004, 146.59726050739482]

Object: pillow__black
Position: [5.628281875403193, 4.5, 2.602823244365805]
Rotation: [-128.81672506382077, -97.52076618495548, 108.12652749757899]

Object: pillow(2)
Position: [5.0, 4.5, 2.2]
Rotation: [150.82762365873162, 72.9183898053247, 19.926036374558578]

