Generation 6:
Object: fox_toy
Position: [5.0, 4.5, 2.2]
Rotation: [-31.15054973065267, -145.53384631026495, -63.63634992027758]

Object: pillow__black
Position: [5.069212105707288, 4.5, 2.636131348709144]
Rotation: [115.64393814940308, -164.30701281369832, 133.7898984654464]

Object: pillow(2)
Position: [5.0, 4.5, 2.2]
Rotation: [-178.2573099118775, 35.48832410051625, -25.279137465396957]

