Generation 3:
Object: fox_toy
Position: [5.0, 4.5, 2.2]
Rotation: [-173.83856167360852, -178.45281886915157, -160.3131997377464]

Object: pillow__black
Position: [5.0, 4.5, 2.5969437614625615]
Rotation: [-52.79772271316631, -146.51862637971755, -163.07433724781902]

Object: pillow(2)
Position: [5.0, 4.5, 2.241158807410969]
Rotation: [-124.66879058583258, 145.0731942759088, -76.17136536801206]

