Generation 6:
Object: fox_toy
Position: [5.343730199503702, 4.5, 2.2]
Rotation: [0.8621859630315782, 133.08217249694434, -167.6205247516528]

Object: pillow__black
Position: [5.0, 4.5, 2.5529339154313786]
Rotation: [162.45680841758906, 153.30882624974367, 137.48767240742484]

Object: pillow(2)
Position: [5.0, 4.5, 2.321773543464069]
Rotation: [-104.87878735887446, -126.69189691878269, 57.79508738595098]

