Generation 14:
Object: fox_toy
Position: [5.0, 4.5, 2.2]
Rotation: [-178.41859813392725, -157.02843220534348, -33.30154162836902]

Object: pillow__black
Position: [5.360460852974479, 4.5, 2.2]
Rotation: [122.11283984327417, 109.84676604271851, -58.14689444006852]

Object: pillow(2)
Position: [5.020657045921659, 4.5, 2.2]
Rotation: [102.54419242613989, 32.1083086711281, -87.7637254715288]

