Generation 8:
Object: fox_toy
Position: [5.0, 4.5, 2.3045148056920746]
Rotation: [22.52944451959371, -156.49280607534195, 119.66134473210957]

Object: slippers
Position: [5.0, 4.5, 2.6225852962754264]
Rotation: [49.18874395944681, 26.345005873125615, 139.309085947435]

Object: fuzzy_slippers
Position: [5.0, 4.5, 2.210197721421182]
Rotation: [90.68246802764173, 80.85955953427856, -17.103355574379634]

Object: pillow__black
Position: [5.0, 4.5, 2.2]
Rotation: [-4.68955971392262, 10.328608537969018, 103.06954798316349]

