Generation 8:
Object: fox_toy
Position: [5.0, 4.5, 2.2]
Rotation: [-3.428318961897702, 102.06510179192475, 178.39856400538696]

Object: pillow__black
Position: [5.0, 4.5, 2.7348574646982495]
Rotation: [-79.27410871025957, -108.62020533870087, 108.9298351337988]

Object: pillow(2)
Position: [5.0, 4.5, 2.2]
Rotation: [-13.577675616110412, 132.9875328737271, 168.03596964179178]

