Generation 7:
Object: fox_toy
Position: [5.0, 4.5, 2.2]
Rotation: [-146.088256270496, -145.466069651705, 51.48975783362761]

Object: pillow__black
Position: [5.0, 4.5, 2.2]
Rotation: [158.65357225622472, -162.43803545169106, -3.5456194060436133]

Object: pillow(2)
Position: [5.0, 4.5, 2.366448268155869]
Rotation: [141.9887831638444, 173.68550640803193, -43.03363474208777]

