Generation 19:
Object: fox_toy
Position: [5.248139003836848, 4.5, 2.2]
Rotation: [-83.7790144505388, -155.02784328107805, -168.3763008668841]

Object: pillow__black
Position: [5.0, 4.5, 2.2]
Rotation: [161.91612901877215, -173.44566922933456, -159.02738376311595]

Object: pillow(2)
Position: [5.559500662161929, 4.5, 2.2570094848857445]
Rotation: [-159.96196637825372, -30.609324271967694, -90.3835666679276]

