Generation 8:
Object: fox_toy
Position: [5.0, 4.5, 2.2]
Rotation: [-49.956343435900976, -75.41136395855459, 51.30228668261918]

Object: pillow__black
Position: [5.463812861082571, 4.5, 2.362961328791174]
Rotation: [-178.10437395952354, -83.0560657733755, 73.0355385905595]

Object: pillow(2)
Position: [5.0, 4.5, 2.2]
Rotation: [164.24985286895782, 74.08783129417765, 89.98961666020034]

