Generation 3:
Object: fox_toy
Position: [5.277805291612356, 4.5, 2.2]
Rotation: [-122.36494409337115, -119.67073748658393, 140.32538756808464]

Object: pillow__black
Position: [5.0, 4.5, 2.4457932478078406]
Rotation: [175.425408622821, -161.74651148806169, -160.3598299552927]

Object: pillow(2)
Position: [5.006654653158084, 4.5, 2.2162983096710556]
Rotation: [-93.26625275238366, 174.87047682001844, 127.23151044254092]

