Generation 8:
Object: fox_toy
Position: [5.0, 4.5, 2.6170152712902057]
Rotation: [13.80312084079435, 74.97459607850021, -25.601745835995672]

Object: pillow__black
Position: [5.517199076508071, 4.5, 2.9467634168555907]
Rotation: [-24.90723951347914, 144.32175317785618, 109.88638473259653]

Object: pillow(2)
Position: [5.0, 4.5, 2.2504292776336907]
Rotation: [-43.85816616110307, 17.46726044378994, -7.237375980199545]

