Generation 4:
Object: fox_toy
Position: [5.0, 4.5, 2.407246395563103]
Rotation: [70.16398958754411, -116.18978709626867, 108.48651341187411]

Object: pillow__black
Position: [5.47089496889626, 4.5, 2.3094188767362884]
Rotation: [-152.9732159989868, -66.22715623561554, 118.08307062552416]

Object: pillow(2)
Position: [5.222368901014136, 4.5, 2.2]
Rotation: [128.2590803163364, 62.17373090639069, 135.084364604739]

