Generation 20:
Object: fox_toy
Position: [5.0, 4.5, 2.455265015088687]
Rotation: [53.598465520861225, -107.30991972094667, 154.25509141179293]

Object: pillow__black
Position: [5.329165570350634, 4.5, 2.2]
Rotation: [149.51741174678978, -115.2840430850375, -164.52318675249805]

Object: pillow(2)
Position: [5.075814710837009, 4.5, 2.4232546727512734]
Rotation: [-47.404943343512855, 72.67125292708602, 41.21352714694149]

