Generation 17:
Object: fox_toy
Position: [5.0, 4.5, 2.2]
Rotation: [0.14816958889389298, -61.21879835281652, -13.910453075148894]

Object: slippers
Position: [5.5471356329398525, 4.5, 2.2]
Rotation: [-168.23307845938245, 143.32868754562162, 95.96814658085708]

Object: fuzzy_slippers
Position: [5.167902514782385, 4.5, 2.2]
Rotation: [-61.36184895945179, -49.921319739818955, 150.4178081418401]

Object: pillow__black
Position: [5.26757794808552, 4.5, 2.4318710667920476]
Rotation: [11.02878599797458, -34.0046140891443, 82.47708983136766]

