Generation 18:
Object: fox_toy
Position: [5.660995584106224, 4.5, 2.826617388201115]
Rotation: [162.84802676572804, -63.666973509256195, 16.67810909221015]

Object: pillow__black
Position: [6.0, 4.5, 2.2]
Rotation: [-116.17547682995257, -61.81599443432677, 10.47762450244187]

Object: pillow(2)
Position: [5.099517789311946, 4.5, 2.3355794962739496]
Rotation: [-81.5773862767532, 70.03674667894512, 93.94413725947646]

