Generation 2:
Object: fox_toy
Position: [5.0, 4.5, 2.2]
Rotation: [-168.51094611812195, 134.5053720916069, 152.32496375662538]

Object: pillow__black
Position: [5.0, 4.5, 2.2]
Rotation: [-145.16041853733924, -164.9206190980571, 127.68157108827359]

Object: pillow(2)
Position: [5.0, 4.5, 2.3415617498713535]
Rotation: [142.24723214445828, 167.62869528152828, 114.82819117820077]

