Generation 20:
Object: fox_toy
Position: [5.0, 4.5, 2.2]
Rotation: [124.24930274663967, 1.4055707213110509, -39.40803649896651]

Object: pillow__black
Position: [5.191520935052101, 4.5, 2.5181979390693883]
Rotation: [74.63108357205851, -31.81938290604586, 113.8882707938676]

Object: pillow(2)
Position: [5.0, 4.5, 2.2]
Rotation: [169.31898535085935, 106.10167361117351, -20.195280429339874]

