Generation 3:
Object: fox_toy
Position: [5.0, 4.5, 2.2]
Rotation: [-130.25109151698075, -65.85348867712023, -174.58308138174738]

Object: pillow__black
Position: [5.192288809296931, 4.5, 2.2]
Rotation: [65.43478224428571, 142.26419991589057, 156.54017301133138]

Object: pillow(2)
Position: [5.074458071372097, 4.5, 2.2]
Rotation: [-134.9356523021446, -136.2782441948298, -152.1321824758327]

