Generation 16:
Object: fox_toy
Position: [5.320160705309966, 4.5, 2.2]
Rotation: [146.90198086111786, -174.82646189691343, -12.878082559350418]

Object: pillow__black
Position: [5.0, 4.5, 2.5089310088875667]
Rotation: [-45.53390717972093, -101.17439127327758, 4.688474212446522]

Object: pillow(2)
Position: [5.137237218324061, 4.5, 2.4562110707284726]
Rotation: [25.075228161800453, -56.94394272722127, 138.7565608781344]

