Generation 12:
Object: fox_toy
Position: [5.0, 4.5, 2.2]
Rotation: [93.27197587766483, -56.68514920934621, -70.35726040546426]

Object: pillow__black
Position: [5.332180307167594, 4.5, 2.2]
Rotation: [-7.723063031873437, 22.182502010654332, -82.72469770415512]

Object: pillow(2)
Position: [5.0, 4.5, 2.3858565855616143]
Rotation: [111.23645824318606, 140.3238440142983, -14.160356529652091]

