Generation 11:
Object: fox_toy
Position: [5.267215149325301, 4.5, 2.2]
Rotation: [-171.939402048043, 51.322964394864584, -75.63688128996506]

Object: slippers
Position: [5.0, 4.5, 2.611961944155843]
Rotation: [-82.52086629074837, 17.05864150245742, -67.506551730367]

Object: fuzzy_slippers
Position: [5.339778956733308, 4.5, 2.4219829717161483]
Rotation: [139.13575801822697, -80.96581273203627, -10.677337626098051]

Object: pillow__black
Position: [5.0, 4.5, 3.4776004807274195]
Rotation: [-136.08386593183388, -56.2126087064633, 59.21098103608011]

