Generation 7:
Object: fox_toy
Position: [5.317188351164213, 4.5, 2.2]
Rotation: [80.96168905053275, 125.45826519283668, -110.13472222787104]

Object: slippers
Position: [5.0, 4.5, 2.364922780096767]
Rotation: [-136.85582769717118, 56.81246680429541, -28.05962822662957]

Object: fuzzy_slippers
Position: [5.259836175857148, 4.5, 2.3810264378963732]
Rotation: [173.71177056189003, 156.92293627314854, -46.47100613150843]

Object: pillow__black
Position: [5.0, 4.5, 2.8138277241710887]
Rotation: [-125.94672409126073, -129.03871440960174, 71.00907387095924]

