Generation 15:
Object: fox_toy
Position: [5.0, 4.5, 2.411840478629557]
Rotation: [104.38338944621103, 29.217092514743513, 149.82791265872248]

Object: pillow__black
Position: [5.396651429138149, 4.5, 2.8614973405362853]
Rotation: [137.61013255985057, -145.23077165761015, 67.67003406293145]

Object: pillow(2)
Position: [5.183185522116469, 4.5, 2.2]
Rotation: [-65.05427946989427, -81.79647612860134, -158.0548679053523]

