Generation 17:
Object: fox_toy
Position: [5.365293515622039, 4.5, 2.2]
Rotation: [-41.869598346157346, 26.74216484314377, -69.30218174766462]

Object: slippers
Position: [5.0, 4.5, 2.8690048623036204]
Rotation: [-88.30200890472962, -26.024357395530615, -94.05635868619919]

Object: fuzzy_slippers
Position: [5.175653192038992, 4.5, 2.547527312569536]
Rotation: [69.96616120643796, -119.12361118872697, 26.943761870966057]

Object: pillow__black
Position: [5.0, 4.5, 3.5]
Rotation: [-83.50471656036322, -52.97941308455208, 75.1002238470428]

