Generation 19:
Object: fox_toy
Position: [5.260518077396252, 4.5, 2.2]
Rotation: [26.208176298637, 165.18575439575875, 64.26211765193256]

Object: slippers
Position: [5.129809117230233, 4.5, 2.2]
Rotation: [88.71640930466788, 179.17235812172157, -166.63447615580543]

Object: fuzzy_slippers
Position: [5.347737132865518, 4.5, 2.2]
Rotation: [-95.0659310998805, -84.03534795455158, 103.36188677620476]

Object: pillow__black
Position: [5.078384695168347, 4.5, 2.2]
Rotation: [-94.70671021650735, -153.18806282578194, -140.6628509484001]

