Generation 6:
Object: fox_toy
Position: [5.0, 4.5, 2.5866310440582825]
Rotation: [106.98058412634879, 95.27349766123405, -12.478363542980361]

Object: pillow__black
Position: [5.2953517819653975, 4.5, 2.74104967839122]
Rotation: [-122.90057650179983, -105.65551795107055, -150.9206046237396]

Object: pillow(2)
Position: [5.0, 4.5, 2.6529857480015777]
Rotation: [-142.78680953794571, 52.6699610481046, 165.73591950583017]

