Generation 17:
Object: fox_toy
Position: [5.670569486682318, 4.5, 2.2]
Rotation: [55.60984288058728, 164.74599028321472, -117.20174322965399]

Object: pillow__black
Position: [5.0, 4.5, 2.7796658864396075]
Rotation: [-78.52052045906785, 138.7849495090104, -112.0066398213638]

Object: pillow(2)
Position: [5.4197547590443085, 4.5, 2.447320122601468]
Rotation: [-101.4484527200151, -121.91761649659267, 44.82862794525215]

