Generation 9:
Object: fox_toy
Position: [5.0, 4.5, 2.2]
Rotation: [110.65330383885043, -148.28215696621464, -95.78829764691305]

Object: pillow__black
Position: [5.270837632422793, 4.5, 2.2]
Rotation: [100.11532340916574, 122.16406448695534, -62.4208557696511]

Object: pillow(2)
Position: [5.230870339905748, 4.5, 2.2]
Rotation: [116.92101983730834, 110.57688843640824, -161.35084595917237]

