Generation 16:
Object: fox_toy
Position: [5.141400094951047, 4.5, 2.2]
Rotation: [-21.841284657269483, -153.88445963623207, -124.14102549674703]

Object: pillow__black
Position: [5.0, 4.5, 2.3335092875312378]
Rotation: [85.35130534144042, -145.60375973012026, -138.95238270615195]

Object: pillow(2)
Position: [5.0, 4.5, 2.2]
Rotation: [-59.787006088038424, -121.9030831695323, 95.50271958754917]

