Generation 12:
Object: fox_toy
Position: [5.404886974946818, 4.5, 2.3579334183182006]
Rotation: [34.48495611862376, 179.02096678322664, 68.847631527305]

Object: pillow__black
Position: [5.0, 4.5, 2.361853298529573]
Rotation: [-89.63584488447312, 8.485523696603195, -71.81027833534309]

Object: pillow(2)
Position: [5.132151913948479, 4.5, 2.2]
Rotation: [-155.1671905155698, -56.57303197953492, 169.01023277626405]

