Generation 4:
Object: fox_toy
Position: [5.190921965047078, 4.5, 2.5333817740780473]
Rotation: [79.7760569617555, 118.99519653896152, 125.98021653158918]

Object: pillow__black
Position: [5.292797099373288, 4.5, 2.2]
Rotation: [-103.09237450981207, -80.41862027396284, 137.06577774691596]

Object: pillow(2)
Position: [5.0, 4.5, 2.6791123853100594]
Rotation: [-37.339788480127794, -164.98000884780197, 148.57590060448518]

