Generation 18:
Object: fox_toy
Position: [5.0, 4.5, 2.3682504485053535]
Rotation: [-76.6551623946195, -14.690325981284616, -2.9374322998636444]

Object: pillow__black
Position: [5.42934546628195, 4.5, 2.2]
Rotation: [97.9835612572752, 144.1306416250613, 33.11389497223922]

Object: pillow(2)
Position: [5.009508257658541, 4.5, 2.3471626972975845]
Rotation: [-95.41985946986406, 94.70767714579216, -155.1047293166245]

