Generation 11:
Object: fox_toy
Position: [5.046610570647614, 4.5, 2.574304735252985]
Rotation: [133.88446597309024, -138.94382113777755, 137.01258658813373]

Object: pillow__black
Position: [5.095095376938459, 4.5, 2.2210288739029123]
Rotation: [152.48609786829707, -114.04848687651977, -156.6745787504122]

Object: pillow(2)
Position: [5.0, 4.5, 2.3854915732594955]
Rotation: [48.948754538305536, -102.26510248040307, -9.264620096468661]

