Generation 8:
Object: fox_toy
Position: [5.301248202579456, 4.5, 2.7059652456104444]
Rotation: [76.13392299791155, -11.750064094351046, 62.68861100945372]

Object: pillow__black
Position: [5.789441561400281, 4.5, 2.2]
Rotation: [-11.826945477763843, -43.51156077351871, 127.58468048118732]

Object: pillow(2)
Position: [5.257315091690717, 4.5, 2.4737090773405686]
Rotation: [-66.1594702915925, 133.29801225691426, 49.18044329250711]

