Generation 3:
Object: fox_toy
Position: [5.0, 4.5, 2.206551568584013]
Rotation: [165.09289795141729, -126.61102519590136, -151.21244878516896]

Object: pillow__black
Position: [5.058358337130716, 4.5, 2.2]
Rotation: [-72.26629476158003, 105.52127403322612, -122.039312946503]

Object: pillow(2)
Position: [5.0, 4.5, 2.2947562658928735]
Rotation: [68.17862896232992, 137.02712770952695, 170.88912258446248]

