Generation 9:
Object: fox_toy
Position: [5.0, 4.5, 2.2]
Rotation: [97.9536906522037, -38.77959469665399, -129.07237392306524]

Object: pillow__black
Position: [5.0, 4.5, 2.234319124490695]
Rotation: [-41.80659253852747, -3.5006089824136097, -96.2392519622197]

Object: pillow(2)
Position: [5.0, 4.5, 2.308258460980791]
Rotation: [135.1954039266608, 129.9913501096063, -150.53706815840204]

