Generation 10:
Object: fox_toy
Position: [5.2327306881424, 4.5, 2.7659845481753274]
Rotation: [-172.37845216925018, 40.60533990969708, 148.14783859717772]

Object: pillow__black
Position: [5.375306678307424, 4.5, 2.878442231467309]
Rotation: [-96.55684243672732, 160.62184350477878, -53.93190366562325]

Object: pillow(2)
Position: [5.0, 4.5, 2.5873571332989416]
Rotation: [-31.00865212634008, -37.15960512422669, 115.53483284850773]

