Generation 17:
Object: fox_toy
Position: [5.0, 4.5, 2.464071561359217]
Rotation: [116.63842895951075, -147.6720943473294, 151.13267160929115]

Object: pillow__black
Position: [5.263339184469074, 4.5, 2.2507013378244523]
Rotation: [145.5749043010823, -154.81619638176593, -74.04161142711204]

Object: pillow(2)
Position: [5.0, 4.5, 2.6555456177113315]
Rotation: [-24.19030459750337, 165.62325919109503, -21.519228932701367]

