Generation 7:
Object: fox_toy
Position: [5.297908751186068, 4.5, 2.2]
Rotation: [-17.08733666419772, 50.392973145606334, 23.26582471048289]

Object: slippers
Position: [5.499663530972205, 4.5, 2.707486589528897]
Rotation: [13.4871444067183, -32.501130137242, 85.23615469338688]

Object: fuzzy_slippers
Position: [5.0, 4.5, 2.2]
Rotation: [53.02780709442675, 42.69568786893035, -159.79216997682894]

Object: pillow__black
Position: [5.0, 4.5, 2.2]
Rotation: [-61.650706107382106, -23.984448881149206, 36.86553601207925]

