Generation 19:
Object: fox_toy
Position: [5.0, 4.5, 2.2]
Rotation: [172.13679343490446, -3.2963127057441, -173.86554185857284]

Object: pillow__black
Position: [5.0, 4.5, 2.6695427592256316]
Rotation: [62.53225618584315, -145.4705547532654, -68.02965853888635]

Object: pillow(2)
Position: [5.0, 4.5, 2.2]
Rotation: [153.28112478736892, 161.48204595200104, -35.93214611856067]

