Generation 2:
Object: fox_toy
Position: [5.033995501031838, 4.5, 2.2]
Rotation: [179.21647931113745, 139.99964539594913, 74.61595820168367]

Object: slippers
Position: [5.0, 4.5, 2.3435202019536487]
Rotation: [-149.10158263750375, 137.9407982286358, 89.0454040775133]

Object: fuzzy_slippers
Position: [5.081469147780383, 4.5, 2.3644365189300904]
Rotation: [-151.9797615786271, -171.37955488716915, -104.22144514185642]

Object: pillow__black
Position: [5.0, 4.5, 2.2456162799954256]
Rotation: [-172.2094748464911, -137.93985010899732, 81.15435216045887]

