Generation 4:
Object: fox_toy
Position: [5.0, 4.5, 2.4996103021951894]
Rotation: [166.1430873109582, -93.25401524266562, 82.32139093809303]

Object: pillow__black
Position: [5.192511450433485, 4.5, 2.2]
Rotation: [127.11203861957688, 115.76580856358657, 98.47434689589892]

Object: pillow(2)
Position: [5.003009197755067, 4.5, 2.3753801223149704]
Rotation: [-173.2516519555719, -59.45078207864009, -71.74210977342916]

