Generation 14:
Object: fox_toy
Position: [5.0, 4.5, 2.729114594418121]
Rotation: [109.7865168757179, -109.37568421423272, -139.56229008675462]

Object: pillow__black
Position: [5.3259993060645225, 4.5, 2.262851211452794]
Rotation: [132.1244111158597, -97.38898710862777, 175.66191700298572]

Object: pillow(2)
Position: [5.0, 4.5, 2.485773816109944]
Rotation: [-63.8702609069457, -120.68234583419314, -58.08338091818598]

