Generation 1:
Object: fox_toy
Position: [5.0, 4.5, 2.2]
Rotation: [-149.00048101587913, -146.69183091823635, 159.90479447057544]

Object: pillow__black
Position: [5.0, 4.5, 2.2]
Rotation: [170.56412044926964, -169.39749885627756, 152.04546603811298]

Object: pillow(2)
Position: [5.024332215202343, 4.5, 2.305108731945554]
Rotation: [178.1788017782477, 148.3617747620474, -175.7358084813536]

