Generation 10:
Object: fox_toy
Position: [5.0, 4.5, 2.2]
Rotation: [-78.32124107878906, 154.68312089134986, 118.34384809652761]

Object: pillow__black
Position: [5.0, 4.5, 2.2]
Rotation: [-153.51274863655422, -172.88276767957856, -52.36838145846605]

Object: pillow(2)
Position: [5.333534167218698, 4.5, 2.274533829877516]
Rotation: [-145.48688095131496, -138.66714617054538, -62.69869458425882]

