Generation 17:
Object: fox_toy
Position: [5.150203350052017, 4.5, 2.2]
Rotation: [-149.22403091974547, -160.76039778646216, -147.58403350056685]

Object: pillow__black
Position: [5.0, 4.5, 2.2]
Rotation: [153.95493530627976, -60.019077019061314, -64.17152028718135]

Object: pillow(2)
Position: [5.461218463171855, 4.5, 2.2]
Rotation: [-150.45085738294776, -53.64012749404628, -76.5860144754738]

