Generation 15:
Object: fox_toy
Position: [5.074241527518405, 4.5, 2.2]
Rotation: [-10.776497203073433, 138.79160346641288, -141.08097053457303]

Object: pillow__black
Position: [5.0, 4.5, 2.2]
Rotation: [121.53175877161163, 147.42485233481875, 173.82726446471054]

Object: pillow(2)
Position: [5.0, 4.5, 2.2]
Rotation: [-35.43720246510827, -136.22792535333824, 27.557486225299954]

