Generation 20:
Object: fox_toy
Position: [5.727195574511644, 4.5, 2.2914194985612766]
Rotation: [-33.944545217993095, 91.32686467387424, -37.79914998487422]

Object: slippers
Position: [5.0, 4.5, 3.0428043782137673]
Rotation: [-116.81352441712428, -51.44779403584067, -115.90275433690836]

Object: fuzzy_slippers
Position: [5.0, 4.5, 2.2]
Rotation: [-57.782307796490386, 121.00816240213896, 81.289389254958]

Object: pillow__black
Position: [5.457563437016666, 4.5, 3.3232892611821603]
Rotation: [8.010599085460171, -159.66568073270656, -62.4883574555751]

