Generation 18:
Object: fox_toy
Position: [5.24951277044315, 4.5, 2.2]
Rotation: [-136.19754112659064, -87.22179843085445, 42.63366786015138]

Object: pillow__black
Position: [5.0, 4.5, 2.7227990507824185]
Rotation: [66.9059029729317, 157.1153673305338, -158.63314910413249]

Object: pillow(2)
Position: [5.675563895222001, 4.5, 2.2]
Rotation: [52.908360035984, 9.891050249654796, -143.99568491194321]

