Generation 8:
Object: fox_toy
Position: [5.0, 4.5, 2.2]
Rotation: [-179.34753479929782, -141.3715617819412, -101.60552655392225]

Object: pillow__black
Position: [5.075382018741425, 4.5, 2.2]
Rotation: [-178.21216322280264, 169.64924508641877, -42.948259654421776]

Object: pillow(2)
Position: [5.0, 4.5, 2.2]
Rotation: [156.54384701897868, 57.946067498108846, -107.32728044530798]

