Generation 6:
Object: fox_toy
Position: [5.012272361019801, 4.5, 2.3302573662684507]
Rotation: [155.89919407376271, 111.57931706773968, -171.60736747832232]

Object: pillow__black
Position: [5.075417018369008, 4.5, 2.794943461723328]
Rotation: [-99.3559581940346, 169.32741316335392, 84.23247445987624]

Object: pillow(2)
Position: [5.0, 4.5, 2.2]
Rotation: [112.35321514922055, 82.13422577476706, 166.98487925224038]

