Generation 6:
Object: fox_toy
Position: [5.106584292760998, 4.5, 2.2330782049834843]
Rotation: [179.88208564600865, 104.5941470787871, -130.193172166353]

Object: slippers
Position: [5.0, 4.5, 2.470939822685259]
Rotation: [-111.32683590061195, 11.417654517010533, -38.505780368461785]

Object: fuzzy_slippers
Position: [5.324727180302355, 4.5, 2.607621818752517]
Rotation: [105.79301135710159, -134.26134449155285, -25.992580631739145]

Object: pillow__black
Position: [5.0, 4.5, 2.727747784190934]
Rotation: [-113.36922198410221, -62.4419776550595, 96.70355149364889]

