Generation 20:
Object: fox_toy
Position: [5.0, 4.5, 3.175704873892516]
Rotation: [6.998915601139174, 16.650325520502292, -152.19418001564213]

Object: pillow__black
Position: [5.9799758667204275, 4.5, 2.9158569539125745]
Rotation: [49.72991301947164, 175.23858887524256, 124.04439447719926]

Object: pillow(2)
Position: [5.0, 4.5, 2.4497907518571584]
Rotation: [-16.707402386638677, 111.24874269918837, -12.431362506634628]

