Generation 6:
Object: fox_toy
Position: [5.0, 4.5, 2.2]
Rotation: [-91.49386204782158, 19.216582370948146, -31.15484772928872]

Object: slippers
Position: [5.402647332890924, 4.5, 2.250122520412299]
Rotation: [-144.2034438754178, -30.423355715116998, 141.75029551202158]

Object: fuzzy_slippers
Position: [5.320105732868105, 4.5, 2.283142954511743]
Rotation: [82.18419888353043, 46.931407950197695, -68.00774614162555]

