Generation 7:
Object: fox_toy
Position: [5.0, 4.5, 2.2]
Rotation: [122.33365099017135, 86.85521202024267, -26.310769152068104]

Object: slippers
Position: [5.272392536269074, 4.5, 2.2]
Rotation: [18.39375073563818, 120.26927577807675, 42.61033118256239]

Object: fuzzy_slippers
Position: [5.083079560127378, 4.5, 2.2]
Rotation: [-149.31854450186145, -91.49366531992911, -39.28682176730891]

Object: pillow__black
Position: [5.0, 4.5, 2.5472282763191414]
Rotation: [-66.19844601919084, -0.028275055218955458, 166.10868878932558]

