Generation 11:
Object: fox_toy
Position: [5.0, 4.5, 2.2]
Rotation: [163.6795960277612, -11.119289049980921, -160.97750338451706]

Object: pillow__black
Position: [5.0585719276759935, 4.5, 2.3643843318615785]
Rotation: [61.73671500254258, -6.048823261539724, -9.965789265170429]

Object: pillow(2)
Position: [5.0, 4.5, 2.2]
Rotation: [147.37099291381452, 176.98535846623668, -172.27246742496627]

