Generation 2:
Object: fox_toy
Position: [5.156815678128727, 4.5, 2.2]
Rotation: [-108.0174448486477, 178.849360469462, -120.66263143160587]

Object: pillow__black
Position: [5.0, 4.5, 2.4277235399057377]
Rotation: [-99.63036032730375, -82.55670928717835, 174.459225280066]

Object: pillow(2)
Position: [5.0, 4.5, 2.293778068499452]
Rotation: [-86.72761827808256, -130.4581179493927, 169.19770767797195]

