Generation 9:
Object: fox_toy
Position: [5.07891894455149, 4.5, 2.2]
Rotation: [-111.39090085630734, 130.87198990427032, 57.953769022977895]

Object: pillow__black
Position: [5.0, 4.5, 2.2]
Rotation: [109.78050503317047, 135.37814172087815, -53.67546547557669]

Object: pillow(2)
Position: [5.012609354067325, 4.5, 2.415561509540199]
Rotation: [-167.3493678804421, -163.12589870557056, -74.84226018105272]

