Generation 11:
Object: fox_toy
Position: [5.050175377751538, 4.5, 2.2]
Rotation: [-156.3802079405262, -147.2718896216308, 95.52241590722724]

Object: pillow__black
Position: [5.0, 4.5, 2.2]
Rotation: [150.7704510706107, -159.60041299469066, -52.383130221257375]

Object: pillow(2)
Position: [5.219047926114522, 4.5, 2.377749551921526]
Rotation: [-176.55817016097353, -114.4449974973683, -23.168001143749393]

