Generation 5:
Object: fox_toy
Position: [5.004413400482179, 4.5, 2.2]
Rotation: [64.64188218883896, 106.47691620760037, 141.18712669563354]

Object: pillow__black
Position: [5.078879444405625, 4.5, 2.6263059092156458]
Rotation: [173.34679127900245, 91.54702957486234, 125.77483786298069]

Object: pillow(2)
Position: [5.0, 4.5, 2.2]
Rotation: [108.78127234533406, 99.85999583729858, -143.399559175123]

