Generation 5:
Object: fox_toy
Position: [5.0, 4.5, 2.2]
Rotation: [28.495560186334956, -172.1951104002402, 161.72452901332338]

Object: slippers
Position: [5.0, 4.5, 2.2]
Rotation: [-7.5223115605307385, 81.60785488751907, -127.50808290110646]

Object: fuzzy_slippers
Position: [5.0558241595475275, 4.5, 2.2]
Rotation: [-139.19160429015804, -112.46842660518193, 27.950925601928475]

Object: pillow__black
Position: [5.225700037601056, 4.5, 2.6020944103186654]
Rotation: [-48.97736279476774, -122.51756759972997, 162.5970821798959]

