Generation 1:
Object: fox_toy
Position: [5.0, 4.5, 2.2]
Rotation: [-136.73676044229708, 155.3704492044069, -135.97298340403228]

Object: pillow__black
Position: [5.0589569680647735, 4.5, 2.2]
Rotation: [166.68950062139265, -178.3468069321758, 176.65317032321968]

Object: pillow(2)
Position: [5.05213455315903, 4.5, 2.200150631939292]
Rotation: [-158.15879626903308, 144.19258935401626, 176.59585217510545]

