Generation 18:
Object: fox_toy
Position: [5.8259911936695765, 4.5, 2.6386395181759505]
Rotation: [27.710516090619308, -111.08318715299609, -63.15517224463643]

Object: slippers
Position: [5.0, 4.5, 3.0486288909849817]
Rotation: [-29.299408469880973, -3.1755169092189988, -152.21032659670772]

Object: fuzzy_slippers
Position: [5.0, 4.5, 2.2]
Rotation: [-51.83440665531759, 159.11724576858626, 36.08588857587529]

Object: pillow__black
Position: [5.146619671280727, 4.5, 3.453308680078001]
Rotation: [-78.86070704253898, -126.54444580092496, -32.27880623754825]

