Generation 3:
Object: fox_toy
Position: [5.137156981463082, 4.5, 2.2470225168119824]
Rotation: [108.90310943229207, -163.86790418554517, -148.7757283123958]

Object: pillow__black
Position: [5.0, 4.5, 2.2]
Rotation: [-117.74243733615586, -168.63151776818577, 94.01851551890752]

Object: pillow(2)
Position: [5.058711351206351, 4.5, 2.465701072286704]
Rotation: [132.14550927223968, 129.30654540314475, 134.8820533257375]

