Generation 7:
Object: fox_toy
Position: [5.0, 4.5, 2.2]
Rotation: [105.76198463354501, -18.22188924348984, 159.61127347922366]

Object: pillow__black
Position: [5.0, 4.5, 2.2105982994099103]
Rotation: [-156.71107230395347, 132.10602001102097, -121.48032238993136]

Object: pillow(2)
Position: [5.0, 4.5, 2.5071803971307056]
Rotation: [85.28131643440508, 7.341345938554582, -128.71050794171737]

