Generation 19:
Object: fox_toy
Position: [5.5666567556036535, 4.5, 3.2897117471519213]
Rotation: [-71.66172830845832, -127.48863904958858, 6.5180847195962315]

Object: pillow__black
Position: [5.070075906950927, 4.5, 3.5]
Rotation: [-140.8684577381818, 5.404364146662374, 134.70219926467763]

Object: pillow(2)
Position: [5.544104399826053, 4.5, 2.3212535578655373]
Rotation: [-63.296576154914476, -97.14978917588374, -110.01738548753617]

