Generation 20:
Object: fox_toy
Position: [5.128248916027319, 4.5, 2.2]
Rotation: [137.86782733451378, 61.55959394421916, -145.45837860236298]

Object: pillow__black
Position: [5.480504820416916, 4.5, 3.0017401886070494]
Rotation: [152.96785599883577, -59.062898933673864, -82.9741312057929]

Object: pillow(2)
Position: [5.0, 4.5, 2.2]
Rotation: [-168.93839196554032, 3.7493924030163726, -123.09546709822988]

