Generation 19:
Object: fox_toy
Position: [5.0, 4.5, 2.4363538545094054]
Rotation: [139.33600869902102, -45.97026240650308, 147.47819471900368]

Object: pillow__black
Position: [5.352359648068705, 4.5, 2.9818697564168195]
Rotation: [113.63264723712166, 171.0290160963604, 53.84490113182619]

Object: pillow(2)
Position: [5.176585322460455, 4.5, 2.3131693854281306]
Rotation: [-39.30361391900735, -107.37058755346072, -133.00300760991627]

