Generation 1:
Object: fox_toy
Position: [5.0, 4.5, 2.2]
Rotation: [-163.09356522681443, 178.40963874939177, 148.17013902634483]

Object: pillow__black
Position: [5.0083303957163885, 4.5, 2.2]
Rotation: [-172.5191625575199, 146.24981993991503, -175.7263241884662]

Object: pillow(2)
Position: [5.0, 4.5, 2.2]
Rotation: [-113.32027646649256, -118.53700015190225, -166.42681833672268]

