Generation 3:
Object: fox_toy
Position: [5.0, 4.5, 2.2151706727237137]
Rotation: [141.29352694179482, -171.19557179901426, 97.68945209064935]

Object: pillow__black
Position: [5.204861539590259, 4.5, 2.3434151877816296]
Rotation: [-164.42950359384292, -91.35204644379112, 123.88162588151039]

Object: pillow(2)
Position: [5.1128684571285525, 4.5, 2.2]
Rotation: [-117.8793597860775, 93.81239189433745, 106.59652027397539]

