Generation 5:
Object: fox_toy
Position: [5.011805004039874, 4.5, 2.2]
Rotation: [89.8808042607655, -118.74530262134198, -146.14689508551953]

Object: pillow__black
Position: [5.0, 4.5, 2.312278272983312]
Rotation: [-139.72005923998827, -96.67071938909925, 137.1385702994529]

Object: pillow(2)
Position: [5.173283748347033, 4.5, 2.6792874260947577]
Rotation: [45.40408608437588, 50.45648411509086, 151.80434199706247]

