Generation 2:
Object: fox_toy
Position: [5.134077605155494, 4.5, 2.233312278779701]
Rotation: [-98.34536329843908, 104.48495556301123, 88.32650349494281]

Object: pillow__black
Position: [5.0, 4.5, 2.280247098979769]
Rotation: [139.64737944303397, -130.95855451834353, -112.38071879710918]

Object: pillow(2)
Position: [5.0, 4.5, 2.2958624401121175]
Rotation: [137.21039579770303, 168.12036049386035, -154.73907689741523]

