Generation 1:
Object: fox_toy
Position: [5.0, 4.5, 2.2]
Rotation: [175.15242400611083, 132.72462640672632, 168.052322955632]

Object: pillow__black
Position: [5.0, 4.5, 2.2]
Rotation: [-167.25364876023818, -139.94343054180587, 162.63273509581325]

Object: pillow(2)
Position: [5.0, 4.5, 2.2113200696889703]
Rotation: [154.4355057048262, 114.48930142779807, -172.71816007273773]

