Generation 19:
Object: fox_toy
Position: [5.0, 4.5, 2.4235964372335967]
Rotation: [100.95448312463219, -89.73622417102173, 162.02146946149878]

Object: pillow__black
Position: [5.229638091741915, 4.5, 2.212097941351788]
Rotation: [145.93511251860218, -27.986256862370425, -92.80422694289946]

Object: pillow(2)
Position: [5.0, 4.5, 2.4636242223184905]
Rotation: [-7.766040968337677, 129.04567537049923, -14.039622397545486]

