Generation 12:
Object: fox_toy
Position: [5.771999615120419, 4.5, 2.537332682017891]
Rotation: [-152.75824137956965, 27.512286708735644, -152.94878048282237]

Object: pillow__black
Position: [5.0, 4.5, 2.390466609052484]
Rotation: [136.07917534098294, 16.88886304760149, -163.75307112041895]

Object: pillow(2)
Position: [5.582520177844689, 4.5, 2.3392501412745235]
Rotation: [175.33401901954028, -139.08520088806816, -9.5172544406403]

