Generation 11:
Object: fox_toy
Position: [5.0, 4.5, 2.2]
Rotation: [82.35295638617828, 27.11436454532418, -40.27255227032816]

Object: slippers
Position: [5.590558433564887, 4.5, 2.2]
Rotation: [64.3788847124047, 99.100742836334, 52.4708758402154]

Object: fuzzy_slippers
Position: [5.133168375646131, 4.5, 2.2]
Rotation: [-88.92648696785128, -52.20967213203966, 42.14455221513728]

Object: pillow__black
Position: [5.189635706738089, 4.5, 2.6472986788912145]
Rotation: [-17.45955844835052, -105.02303917919272, 119.07488018436504]

