Generation 18:
Object: fox_toy
Position: [5.0, 4.5, 2.2]
Rotation: [18.09117577344705, -3.234193053372735, 15.364755905863916]

Object: slippers
Position: [5.615659318967623, 4.5, 2.2]
Rotation: [-90.80146520069377, 119.52444515528077, 83.57256953157184]

Object: fuzzy_slippers
Position: [5.0, 4.5, 2.2]
Rotation: [-42.226313931325706, -43.24729714608975, 65.56073795823116]

Object: pillow__black
Position: [5.082672793405976, 4.5, 2.438923030952748]
Rotation: [19.62818548443471, -14.45952662506761, 165.88351600951887]

