Generation 3:
Object: fox_toy
Position: [5.267792675194002, 4.5, 2.3680171064094977]
Rotation: [-146.54457197749394, -170.4592036490616, -168.48668727448566]

Object: pillow__black
Position: [5.0, 4.5, 2.397499832487997]
Rotation: [175.34784005399507, 113.06876171193869, -74.88479455449747]

Object: pillow(2)
Position: [5.174386668455128, 4.5, 2.2]
Rotation: [-146.9448201239097, 165.41491851537273, -129.0499257083832]

