Generation 20:
Object: fox_toy
Position: [6.0, 4.5, 2.7238988461469025]
Rotation: [-167.23705043476568, 122.18113832501103, 123.79774297157809]

Object: pillow__black
Position: [5.0, 4.5, 2.431615503303895]
Rotation: [-102.24915034545027, 24.143737733522244, 159.21462134234997]

Object: pillow(2)
Position: [5.688277744427014, 4.5, 2.376643982581381]
Rotation: [-63.863131833577384, 173.8546106732855, 15.995861564666228]

