Generation 16:
Object: fox_toy
Position: [5.614467860764207, 4.5, 2.990775137569549]
Rotation: [-125.53298582956009, -114.52349019962513, 22.993527727211358]

Object: pillow__black
Position: [5.102253767216812, 4.5, 3.315836654728219]
Rotation: [-34.372270139363934, 18.896610337662878, 133.96298524706964]

Object: pillow(2)
Position: [5.465403866175803, 4.5, 2.2]
Rotation: [-27.09552338114534, -90.40520973411002, -82.71554572514331]

