Generation 3:
Object: fox_toy
Position: [5.110731632760064, 4.5, 2.2]
Rotation: [-162.44072000937385, 108.82384788371411, -173.28909061214927]

Object: slippers
Position: [5.0, 4.5, 2.5797603838257874]
Rotation: [-111.24210209684075, 125.93270380456329, 93.12669886859703]

Object: fuzzy_slippers
Position: [5.18130297776762, 4.5, 2.3250080453312134]
Rotation: [167.21388015112336, -139.27540515799816, -80.95685715383767]

Object: pillow__black
Position: [5.0, 4.5, 2.3281242077930875]
Rotation: [-162.68919870429858, -56.6262644594196, 78.0598599927115]

