Generation 10:
Object: fox_toy
Position: [5.0, 4.5, 2.5228944069554875]
Rotation: [107.24925413482913, -161.4920079076154, 112.4662550843812]

Object: pillow__black
Position: [5.1765394816397565, 4.5, 2.450314389795721]
Rotation: [175.8832289039849, -70.06985984345224, -136.3904206352214]

Object: pillow(2)
Position: [5.039691360771652, 4.5, 2.403447168964723]
Rotation: [-35.21092024297354, -83.04479984255998, -64.20479318082869]

