Generation 9:
Object: fox_toy
Position: [5.0, 4.5, 2.3216976158511544]
Rotation: [141.97066794362286, -84.43711483235779, -23.957248728767695]

Object: pillow__black
Position: [5.285368930507819, 4.5, 2.2]
Rotation: [110.27204994300172, 30.451678342209448, 59.946827649190254]

Object: pillow(2)
Position: [5.0, 4.5, 2.283655125729267]
Rotation: [173.96500080512715, -28.958037511613156, -123.72578170768952]

