Generation 6:
Object: fox_toy
Position: [5.0, 4.5, 2.2]
Rotation: [-90.8491931521873, -53.768963281170514, -146.55349617426523]

Object: pillow__black
Position: [5.117302814256966, 4.5, 2.2]
Rotation: [16.605207567053924, 100.5544652914271, 176.12151679590698]

Object: pillow(2)
Position: [5.000361968397629, 4.5, 2.2]
Rotation: [-108.3069898659519, -171.36376241305408, -148.48020916210658]

