Generation 3:
Object: fox_toy
Position: [5.0, 4.5, 2.2]
Rotation: [-171.4298726674507, -133.3562629489853, -63.044654544842274]

Object: pillow__black
Position: [5.266945540887154, 4.5, 2.2]
Rotation: [-179.60474800068891, 126.92907403404513, -166.72926811091133]

Object: pillow(2)
Position: [5.0, 4.5, 2.2]
Rotation: [144.60769794972344, 91.52619129156744, -115.06140561817341]

