Generation 15:
Object: fox_toy
Position: [5.992860359674357, 4.5, 2.666923318328205]
Rotation: [165.32609111274616, 102.31377920999296, -178.54337953707153]

Object: pillow__black
Position: [5.0, 4.5, 2.499342875141491]
Rotation: [-98.22815399304532, 1.1062360243796547, -162.4551280260613]

Object: pillow(2)
Position: [5.636170699761734, 4.5, 2.3365047807489936]
Rotation: [-60.112700565302376, -112.31764779428431, 8.68072790158135]

