Generation 5:
Object: fox_toy
Position: [5.258050588860719, 4.5, 2.2610557157882036]
Rotation: [-94.15029879310086, 122.4818923239934, 64.86366908686568]

Object: pillow__black
Position: [5.0, 4.5, 2.4460380210256862]
Rotation: [82.31110123273623, -102.70510766376316, 98.86528682543337]

Object: pillow(2)
Position: [5.0, 4.5, 2.7147659805910553]
Rotation: [75.31112160689997, -149.50182582393631, 55.94741295765772]

