Generation 1:
Object: fox_toy
Position: [5.1340765867176446, 4.5, 2.2715191854075485]
Rotation: [174.3081845642131, -163.75783758051733, 161.11404657762932]

Object: slippers
Position: [5.143326956682371, 4.5, 2.2902752368109884]
Rotation: [155.1935119823919, 131.86350860064874, -149.61026923809294]

Object: fuzzy_slippers
Position: [5.0, 4.5, 2.36900867874232]
Rotation: [149.33700010386775, -157.1491679685268, 165.98842472749539]

Object: pillow__black
Position: [5.15621026496394, 4.5, 2.2]
Rotation: [176.9387753522077, 149.78684865065043, 156.2988526206882]

