Generation 4:
Object: fox_toy
Position: [5.2060238456132675, 4.5, 2.418550914235512]
Rotation: [152.14192678271877, -100.53438999712984, -84.0594661749583]

Object: pillow__black
Position: [5.0, 4.5, 2.63875119580535]
Rotation: [124.23315266512299, 172.1534464812454, -53.376534976598876]

Object: pillow(2)
Position: [5.014620927693481, 4.5, 2.2]
Rotation: [-51.18581108113, 177.9193033074099, 163.78857555239972]

