Generation 19:
Object: fox_toy
Position: [5.0, 4.5, 2.2]
Rotation: [-150.21050589389677, 108.74721555287937, -49.68975783222257]

Object: slippers
Position: [5.0, 4.5, 2.2]
Rotation: [24.46355087709938, -1.4162226451171023, -8.475805719224752]

Object: fuzzy_slippers
Position: [6.0, 4.5, 2.2]
Rotation: [-84.25130632964328, -134.85939108344542, -169.41942071069911]

Object: pillow__black
Position: [5.444332211264724, 4.5, 2.7483619190485715]
Rotation: [-150.38798923632407, 96.34077871592433, -61.54716815158207]

