Generation 3:
Object: fox_toy
Position: [5.0, 4.5, 2.2]
Rotation: [-150.98000897085151, -77.53580794472025, 98.47574581476147]

Object: slippers
Position: [5.0, 4.5, 2.2]
Rotation: [-174.3365527385469, -169.22797962636616, 173.47775427483498]

Object: fuzzy_slippers
Position: [5.131871688600656, 4.5, 2.2]
Rotation: [108.34305082826694, 102.94611784485772, -130.39898702520668]

Object: pillow__black
Position: [5.239841512470063, 4.5, 2.4612652708588785]
Rotation: [152.8568008260072, 166.54497078473412, -153.28756947254533]

