Generation 13:
Object: fox_toy
Position: [5.294486046109405, 4.5, 2.2]
Rotation: [-142.78099897900944, 17.177834437804563, -148.5439135829437]

Object: slippers
Position: [5.0, 4.5, 2.74229212010324]
Rotation: [-128.0026256450347, 24.76164022225072, -28.574716940080066]

Object: fuzzy_slippers
Position: [5.399599562922827, 4.5, 2.41660559087331]
Rotation: [36.3454859110945, -105.90932151288814, -46.073359024681054]

Object: pillow__black
Position: [5.027384434055204, 4.5, 3.332200843396694]
Rotation: [-118.25242771140067, -27.87627796828906, 24.411873253901547]

