Generation 9:
Object: fox_toy
Position: [5.3021489882549035, 4.5, 2.248080354909444]
Rotation: [-108.10861956907516, -87.39251643474229, -75.40403282617791]

Object: pillow__black
Position: [5.0, 4.5, 2.2884755889611963]
Rotation: [-164.16092636842018, 52.02311865451571, -81.61064572794542]

Object: pillow(2)
Position: [5.0, 4.5, 2.2]
Rotation: [-155.98985392695263, -140.23580167820163, -142.18634193777729]

