Generation 6:
Object: fox_toy
Position: [5.400475465891344, 4.5, 2.7680004767390765]
Rotation: [-173.90358049098126, -1.7507456413070486, -116.1678790992168]

Object: pillow__black
Position: [5.0, 4.5, 2.2934575699076323]
Rotation: [-178.54849526119105, 138.499280505346, 161.93389681589883]

Object: pillow(2)
Position: [5.393981952314443, 4.5, 2.559886577917434]
Rotation: [99.43945814860376, 152.00975190052225, -86.34651859427744]

