Generation 14:
Object: fox_toy
Position: [5.0, 4.5, 2.2]
Rotation: [72.82577034891017, -3.1190340048782446, 115.95431370363684]

Object: pillow__black
Position: [5.180552981691432, 4.5, 2.633724070352718]
Rotation: [59.18771541567537, -163.0213434998251, 101.14371691124529]

Object: pillow(2)
Position: [5.173226938426298, 4.5, 2.3384080504080003]
Rotation: [16.000162845673458, -101.37573761769158, -154.76159415292588]

