Generation 2:
Object: fox_toy
Position: [5.0, 4.5, 2.2603314016871394]
Rotation: [-154.76588677282083, -172.13561657246646, 149.46808427416033]

Object: pillow__black
Position: [5.191826962572262, 4.5, 2.305889067491345]
Rotation: [137.00022222599148, 142.5699574326399, -154.40322837130057]

Object: pillow(2)
Position: [5.0, 4.5, 2.2]
Rotation: [169.39280215775352, -146.4137025296953, 160.64005574187934]

