Generation 18:
Object: fox_toy
Position: [5.0, 4.5, 2.2]
Rotation: [98.62747894158224, -9.064135447787322, -178.74679313922263]

Object: pillow__black
Position: [5.0, 4.5, 2.7110683390502643]
Rotation: [140.01164354503578, -147.84366292579796, 46.34704411527707]

Object: pillow(2)
Position: [5.0, 4.5, 2.2]
Rotation: [157.36113791914755, 113.00376686473913, 2.7946618531041736]

