Generation 1:
Object: fox_toy
Position: [5.0840059461543605, 4.5, 2.2760214100916767]
Rotation: [174.0676252293465, 129.38089971781284, -179.1836261468165]

Object: pillow__black
Position: [5.016928992560255, 4.5, 2.4136190052960025]
Rotation: [173.91934058201548, -155.46615488627097, -144.7182414689602]

Object: pillow(2)
Position: [5.016645850880372, 4.5, 2.253280959455671]
Rotation: [177.13615284394098, 176.325252776556, 100.98639734465274]

