Generation 4:
Object: fox_toy
Position: [5.0, 4.5, 2.2]
Rotation: [109.66431758226986, -55.74974488220799, -102.3640688998717]

Object: pillow__black
Position: [5.0, 4.5, 2.2]
Rotation: [174.7873664943258, -106.48370014864965, 112.40721207053906]

Object: pillow(2)
Position: [5.331363921143606, 4.5, 2.619303052707366]
Rotation: [150.9144619767289, 113.16390049939116, 163.92519613346195]

