Generation 5:
Object: fox_toy
Position: [5.509950985275847, 4.5, 2.458455688721968]
Rotation: [140.5889281530802, 156.76176457269838, 10.939869855948302]

Object: slippers
Position: [5.487758710727223, 4.5, 2.2]
Rotation: [45.27269556691988, 172.6644827974718, -171.9578554956637]

Object: fuzzy_slippers
Position: [5.0, 4.5, 2.204644231016665]
Rotation: [54.779125429929536, -55.88697452207241, -71.75641830024051]

Object: pillow__black
Position: [5.0, 4.5, 2.2]
Rotation: [102.53205124014869, -82.39009604527979, 99.60990693479539]

