Generation 8:
Object: fox_toy
Position: [5.0, 4.5, 2.2]
Rotation: [102.1778620396824, -26.69259494009168, -163.11116599401143]

Object: pillow__black
Position: [5.277956198227516, 4.5, 2.383377726891912]
Rotation: [34.65641814764834, -1.0450611580498617, -34.49223201175852]

Object: pillow(2)
Position: [5.0, 4.5, 2.3811882226197065]
Rotation: [128.125169936803, 146.7052304224586, -141.32450327105272]

