Generation 6:
Object: fox_toy
Position: [5.0, 4.5, 2.2]
Rotation: [-64.85094684796776, -7.659805388824651, -93.88680503766389]

Object: pillow__black
Position: [5.287749812945056, 4.5, 2.2]
Rotation: [-20.17187076877994, 109.80724782176833, 20.87983034565673]

Object: pillow(2)
Position: [5.0, 4.5, 2.2]
Rotation: [115.88546931509552, -167.69703901761824, -28.664875827067135]

