Generation 11:
Object: fox_toy
Position: [5.256031234510964, 4.5, 2.2]
Rotation: [-11.555618080552591, -140.40912931652224, 15.33458114631864]

Object: pillow__black
Position: [5.0, 4.5, 2.2334272519276626]
Rotation: [-50.31632412128687, 54.17106617561251, -69.90273410427457]

Object: pillow(2)
Position: [5.009410092609066, 4.5, 2.2]
Rotation: [-162.55751463148306, -20.084081807038388, -176.85025783086675]

