Generation 18:
Object: fox_toy
Position: [5.126110866041451, 4.5, 2.2]
Rotation: [138.54876965771814, 161.61699918541268, 11.220232600744396]

Object: pillow__black
Position: [5.0620330064512435, 4.5, 2.5185821902547945]
Rotation: [-33.03504135312539, -8.140361173902193, 7.938987966707998]

Object: pillow(2)
Position: [5.0944110807566965, 4.5, 2.332944745102961]
Rotation: [32.033452748384605, -97.86535938381076, -178.9589580062552]

