Generation 13:
Object: fox_toy
Position: [5.343761527398557, 4.5, 2.2031715187530048]
Rotation: [14.681008846749222, -143.7129446706773, 54.92095007825108]

Object: pillow__black
Position: [5.0, 4.5, 2.511722928133965]
Rotation: [-62.99939633429028, -6.349290137450055, -94.42458259263817]

Object: pillow(2)
Position: [5.0, 4.5, 2.2]
Rotation: [162.57162462350573, -65.48497046745057, -178.54535974884018]

