Generation 10:
Object: fox_toy
Position: [5.326638031355686, 4.5, 2.2]
Rotation: [77.43248221843533, -84.18032169125567, 175.7122523482181]

Object: pillow__black
Position: [5.080081292765311, 4.5, 2.6412505598439036]
Rotation: [87.46862483123226, 37.67347253920707, 86.78936708876114]

Object: pillow(2)
Position: [5.380942061771313, 4.5, 2.3630870436743776]
Rotation: [176.9844665019158, -51.531644914894656, -42.12490518240605]

