Generation 15:
Object: fox_toy
Position: [5.0, 4.5, 2.2]
Rotation: [-2.7934101951659613, -84.71381522868298, 112.25043881403434]

Object: pillow__black
Position: [5.651477785106481, 4.5, 2.440307521907698]
Rotation: [-90.73165386889393, 17.538928865733567, 114.22538959044999]

Object: pillow(2)
Position: [5.0, 4.5, 2.2]
Rotation: [146.66491381581653, 95.36277830190363, -29.93971088132548]

