Generation 9:
Object: fox_toy
Position: [5.073775418049648, 4.5, 2.3177100736787897]
Rotation: [-29.56982292674087, 97.63622522573979, -56.37931243293711]

Object: slippers
Position: [5.315195630268254, 4.5, 2.2]
Rotation: [175.07107552512468, -33.079128607127586, -105.12631782665939]

Object: fuzzy_slippers
Position: [5.37498393634758, 4.5, 2.2]
Rotation: [177.02259645056483, 24.26348253323181, -155.96370283599015]

Object: pillow__black
Position: [5.354367459509829, 4.5, 2.2]
Rotation: [-128.3325921840064, -174.52557765546737, 131.47420933289538]

