Generation 11:
Object: fox_toy
Position: [5.0, 4.5, 2.2]
Rotation: [-17.470627826172034, -13.049152349122352, -155.40691487626032]

Object: pillow__black
Position: [5.329381777191741, 4.5, 2.447118834195928]
Rotation: [76.66233389860645, 108.61651369477778, -73.37756330822675]

Object: pillow(2)
Position: [5.0, 4.5, 2.2]
Rotation: [-58.91376702327672, 53.80507469908491, -42.054832853323916]

