Generation 10:
Object: fox_toy
Position: [5.0, 4.5, 2.4340594665302167]
Rotation: [-154.2770174960869, -77.79909233417737, -68.06080270556515]

Object: pillow__black
Position: [5.213309047828302, 4.5, 2.2]
Rotation: [116.27164925448494, 85.54432561965274, 111.9985615197881]

Object: pillow(2)
Position: [5.0, 4.5, 2.3281636331141433]
Rotation: [158.78863729009782, 19.346859717337367, -126.32786029757891]

