Generation 19:
Object: fox_toy
Position: [5.0, 4.5, 2.2759539077951114]
Rotation: [-2.5228413016627087, -61.43910075941082, 127.82077670307217]

Object: slippers
Position: [5.0, 4.5, 3.2136223621538234]
Rotation: [123.37803176748628, 80.6930887871261, -125.95246007030397]

Object: fuzzy_slippers
Position: [5.0, 4.5, 2.2]
Rotation: [97.20834787562552, 174.99026994987491, -136.4268887281994]

Object: pillow__black
Position: [5.0, 4.5, 2.2]
Rotation: [-133.8276051484304, 150.90731697641888, 41.06654411337428]

