Generation 7:
Object: fox_toy
Position: [5.292615241651173, 4.5, 2.2]
Rotation: [-40.07561969194967, 132.03256810433658, 170.72606539862488]

Object: pillow__black
Position: [5.0, 4.5, 2.438720230188605]
Rotation: [99.07267714518258, 152.54572611657215, 174.30034741085103]

Object: pillow(2)
Position: [5.0, 4.5, 2.2]
Rotation: [-67.9478623509877, -107.18223576783545, 75.60526599491175]

