Generation 9:
Object: fox_toy
Position: [5.0, 4.5, 2.2]
Rotation: [96.65454365046912, -8.30657316636308, -57.25393594022182]

Object: slippers
Position: [5.413108607256687, 4.5, 2.2]
Rotation: [62.013095722248266, -169.73957870067943, 4.179156971695136]

Object: fuzzy_slippers
Position: [5.204917394193689, 4.5, 2.2]
Rotation: [-103.07626595416724, -46.20136228863004, 61.76123029947635]

Object: pillow__black
Position: [5.239750133327791, 4.5, 2.7647453371505266]
Rotation: [-122.26736842617305, -1.7736040821151846, 151.21202884281382]

