Generation 8:
Object: fox_toy
Position: [5.0, 4.5, 2.2]
Rotation: [113.13034150730425, 62.33273617064867, -57.431286257620926]

Object: slippers
Position: [5.429787036653034, 4.5, 2.2]
Rotation: [-76.49145474639273, -113.23491367400521, 13.022429899633352]

Object: fuzzy_slippers
Position: [5.054201711734872, 4.5, 2.2]
Rotation: [-125.01249814686057, -90.07616193451717, 14.446142877760735]

Object: pillow__black
Position: [5.210617941276679, 4.5, 2.6968263592623143]
Rotation: [-81.833867398578, -18.18797067111575, 145.71020414903433]

