Generation 10:
Object: fox_toy
Position: [5.008296051641572, 4.5, 2.3562766575937752]
Rotation: [-6.46848834275383, 115.50274771412285, 57.525602077498405]

Object: slippers
Position: [5.142615275066272, 4.5, 2.2]
Rotation: [-124.34461920637789, 6.25037162097874, 136.53261840238974]

Object: fuzzy_slippers
Position: [5.4086443918558915, 4.5, 2.2]
Rotation: [165.93509812145356, -22.32009078097815, -150.435260057778]

Object: pillow__black
Position: [5.113360912483263, 4.5, 2.3548118076980606]
Rotation: [-50.60577821961405, -152.6887460470742, 81.14052116302764]

