Generation 10:
Object: fox_toy
Position: [5.0, 4.5, 2.2]
Rotation: [93.58038107929173, 81.94874640160424, -119.71342300810173]

Object: slippers
Position: [5.304709732654303, 4.5, 2.2]
Rotation: [96.58885253580979, 170.37223704272213, 28.581510191629604]

Object: fuzzy_slippers
Position: [5.245285969924533, 4.5, 2.2]
Rotation: [-155.6391719197777, -100.30528805659769, 85.64402851719592]

Object: pillow__black
Position: [5.017566445180902, 4.5, 2.68126095931893]
Rotation: [-61.04178863992739, -39.23053154630452, 149.26399538171825]

