Generation 10:
Object: fox_toy
Position: [5.5789477740621845, 4.5, 2.5249069929056693]
Rotation: [92.33343190576596, -128.61031298122805, 21.70107771648432]

Object: slippers
Position: [5.0, 4.5, 2.597402280992687]
Rotation: [-109.80441009306384, -26.427218202019986, -96.15585615483235]

Object: fuzzy_slippers
Position: [5.0, 4.5, 2.451739759247025]
Rotation: [15.142921898171778, 0.453565554852446, 146.5764482972229]

Object: pillow__black
Position: [5.2990166965968175, 4.5, 2.923953429700604]
Rotation: [-11.60524084868021, -172.25869407589067, -141.0687098212175]

