Generation 13:
Object: fox_toy
Position: [5.317755366612182, 4.5, 2.2]
Rotation: [57.684912330357974, 131.14294803351436, -17.96085119628526]

Object: slippers
Position: [5.172698854108914, 4.5, 2.322331985904132]
Rotation: [117.44218387054434, -83.25047908346534, -126.06854765225248]

Object: fuzzy_slippers
Position: [5.416036813215585, 4.5, 2.2]
Rotation: [148.4757917286097, -34.96490100669769, 153.51575641354816]

Object: pillow__black
Position: [5.356087353549395, 4.5, 2.2637021731136797]
Rotation: [-120.20458957910253, 171.11939791718726, 131.01217978233723]

