Generation 19:
Object: fox_toy
Position: [5.3437919957902755, 4.5, 2.2]
Rotation: [-114.96181432440878, -140.3824400695907, 70.91969179803007]

Object: pillow__black
Position: [5.0, 4.5, 2.446381613425982]
Rotation: [-41.946470949632385, -113.44024149347317, -79.94083320068]

Object: pillow(2)
Position: [5.0, 4.5, 2.3192806580016723]
Rotation: [-17.56867499819498, -97.26862402753812, 142.63629539646968]

