Generation 14:
Object: fox_toy
Position: [5.0, 4.5, 2.2]
Rotation: [48.02543341771241, -7.971788249728547, -94.84394455221675]

Object: slippers
Position: [5.49607126972746, 4.5, 2.2]
Rotation: [175.88472005337871, 68.54948579613387, 18.891754446219323]

Object: fuzzy_slippers
Position: [5.0, 4.5, 2.2]
Rotation: [-126.35154846979681, -37.49182792809185, 143.43426693804037]

Object: pillow__black
Position: [5.15169944914141, 4.5, 2.5307958961565307]
Rotation: [-32.316751251715345, -58.3244943738199, 166.79450528195184]

