Generation 3:
Object: fox_toy
Position: [5.278381169299201, 4.5, 2.5206545176367032]
Rotation: [167.22525437777404, -165.5094735566772, 128.62917335959463]

Object: pillow__black
Position: [5.0, 4.5, 2.4056545694056166]
Rotation: [-153.87928193884545, 131.5202730261948, 132.97872125733556]

Object: pillow(2)
Position: [5.1872202892704555, 4.5, 2.5867936990953124]
Rotation: [-174.51755944617764, 137.78942365182849, 137.14453783324092]

