Generation 1:
Object: fox_toy
Position: [5.0, 4.5, 2.2]
Rotation: [166.36477593192376, -123.49530977483586, -163.49458704576287]

Object: pillow__black
Position: [5.0, 4.5, 2.2399163042634984]
Rotation: [159.54538931117986, 141.36918638752047, 156.4734415721856]

Object: pillow(2)
Position: [5.0916770012703285, 4.5, 2.3491380742624632]
Rotation: [158.59361325229406, 160.3720826426295, 153.6030407351658]

