Generation 11:
Object: fox_toy
Position: [5.0, 4.5, 2.2]
Rotation: [142.1626328562146, -107.66912997575854, -72.38441326889746]

Object: pillow__black
Position: [5.038242506889425, 4.5, 2.2]
Rotation: [115.54313306369886, 139.85789842346986, -31.816247514543647]

Object: pillow(2)
Position: [5.0, 4.5, 2.2]
Rotation: [138.84674498543973, 32.91454923510207, -129.64998189039028]

