Generation 3:
Object: fox_toy
Position: [5.180369993712594, 4.5, 2.2]
Rotation: [133.00060068654483, -120.86726747207331, 44.36294538236177]

Object: pillow__black
Position: [5.098050337683299, 4.5, 2.3714118564055693]
Rotation: [69.72396126232934, 145.19134812836882, -155.29241470828708]

Object: pillow(2)
Position: [5.3224674699203325, 4.5, 2.527404931467404]
Rotation: [-152.65075370188683, 149.80981752369706, 160.10072942110287]

