Generation 18:
Object: fox_toy
Position: [5.5981295570665655, 4.5, 2.2]
Rotation: [-45.720051184013414, 101.66894623744645, -94.00484572113564]

Object: slippers
Position: [5.0, 4.5, 2.762561293685401]
Rotation: [-51.74671243114466, -90.73025980232637, -98.90073208873673]

Object: fuzzy_slippers
Position: [5.353582465897229, 4.5, 2.3201951283026867]
Rotation: [132.99458516312353, -134.3645041789033, 0.6361668937876459]

Object: pillow__black
Position: [5.0, 4.5, 3.5]
Rotation: [-77.1478475753814, 12.778834027476904, 70.1026747768841]

