Generation 2:
Object: fox_toy
Position: [5.145461524194987, 4.5, 2.3460730609270257]
Rotation: [133.49786680582042, 97.3686976785516, 107.95112993637929]

Object: pillow__black
Position: [5.149504416316135, 4.5, 2.345684174024619]
Rotation: [-132.51063525287725, -151.68135691677776, 162.95148618180178]

Object: pillow(2)
Position: [5.0, 4.5, 2.2491374150502916]
Rotation: [-154.52820804780063, -122.50887526967284, 152.31469207334823]

