Generation 10:
Object: fox_toy
Position: [5.458664027230579, 4.5, 2.2]
Rotation: [-176.24525964719948, 44.4999540949147, -64.73727495400213]

Object: slippers
Position: [5.0, 4.5, 2.657252123469204]
Rotation: [-140.88037602641953, 94.10630199305609, -12.512284440209612]

Object: fuzzy_slippers
Position: [5.19673154672863, 4.5, 2.4750493511640386]
Rotation: [36.47579852873133, -71.89745091147186, 7.56611840179977]

Object: pillow__black
Position: [5.0, 4.5, 3.223952879321738]
Rotation: [-152.8167168516125, -73.68616712727982, 137.89648387139073]

