Generation 11:
Object: fox_toy
Position: [5.0, 4.5, 2.214281566593393]
Rotation: [81.82577983466444, 67.01363106917051, 112.32637596665637]

Object: pillow__black
Position: [5.293337317590126, 4.5, 2.861390645486609]
Rotation: [79.02374875641686, 86.123106950048, 110.70662924290127]

Object: pillow(2)
Position: [5.032884016952333, 4.5, 2.248248462917926]
Rotation: [4.130700895797332, -96.4727545730577, -117.38352908198367]

