Generation 5:
Object: fox_toy
Position: [5.0, 4.5, 2.2]
Rotation: [178.91589188551916, -73.3668414123354, -139.04743055181393]

Object: pillow__black
Position: [5.224993406481721, 4.5, 2.2]
Rotation: [-46.14595211586524, 92.63385311404562, -74.33195022284168]

Object: pillow(2)
Position: [5.0, 4.5, 2.2]
Rotation: [158.60056395518808, 129.5973370468614, -161.6096232480191]

