Generation 8:
Object: fox_toy
Position: [5.0, 4.5, 2.2]
Rotation: [-28.519868161626647, -57.01645233847884, -144.92463739922516]

Object: pillow__black
Position: [5.055253002751166, 4.5, 2.2]
Rotation: [38.29233211319692, 70.63324542453756, 27.42573707933309]

Object: pillow(2)
Position: [5.0, 4.5, 2.2]
Rotation: [139.47625915581278, 118.77194561052852, -69.06579868417002]

