Generation 1:
Object: fox_toy
Position: [5.0, 4.5, 2.2]
Rotation: [115.98882908559006, -168.72889279186532, 175.44878591116844]

Object: slippers
Position: [5.0, 4.5, 2.2]
Rotation: [-178.60096988612548, 124.58241717395344, 179.05360148238765]

Object: fuzzy_slippers
Position: [5.0, 4.5, 2.2307825356803352]
Rotation: [-141.40211863629563, -145.94341338139867, -149.3867425328712]

Object: pillow__black
Position: [5.160963527202155, 4.5, 2.2023880007314043]
Rotation: [147.5151668335679, 165.79159055371076, -155.06799074757532]

