Generation 5:
Object: fox_toy
Position: [5.191254602000975, 4.5, 2.2]
Rotation: [-114.13126340756745, -53.79753489793873, -66.10941080639606]

Object: slippers
Position: [5.279556932692035, 4.5, 2.282874840237203]
Rotation: [148.09151843900906, -96.04829950711965, 141.871028147667]

Object: fuzzy_slippers
Position: [5.430662577228719, 4.5, 2.3492905081437305]
Rotation: [177.51878592687046, 13.52017010057773, -28.093186613321706]

