Generation 3:
Object: fox_toy
Position: [5.0, 4.5, 2.2]
Rotation: [106.77886110749904, 135.06198665927536, -163.90448227716098]

Object: slippers
Position: [5.0, 4.5, 2.2]
Rotation: [-79.02525069406371, 93.5120989584965, -126.85465849104042]

Object: fuzzy_slippers
Position: [5.091429369844816, 4.5, 2.2]
Rotation: [-136.67015229502272, -106.35149970202092, 122.69770530706779]

Object: pillow__black
Position: [5.1485237908718835, 4.5, 2.466162162792474]
Rotation: [-134.13433253811797, -109.09884682950336, 129.67817197583952]

