Generation 5:
Object: fox_toy
Position: [5.0, 4.5, 2.3918641791343327]
Rotation: [-51.00221058952744, -127.07130642394182, -162.83904955463228]

Object: pillow__black
Position: [5.2908599693402465, 4.5, 2.5114495317867904]
Rotation: [68.37142456305043, 117.51084399547955, 63.43665899491231]

Object: pillow(2)
Position: [5.0, 4.5, 2.2]
Rotation: [62.26563375101625, -84.89470183389548, -179.02475196161475]

