Generation 2:
Object: fox_toy
Position: [5.0, 4.5, 2.342440561543196]
Rotation: [137.86836769413787, 143.55511752626984, 144.59807412145074]

Object: pillow__black
Position: [5.0955372048388705, 4.5, 2.3419969648100154]
Rotation: [106.91002353404212, 175.6296900173645, 142.94760981568623]

Object: pillow(2)
Position: [5.115813873003135, 4.5, 2.3569781239432035]
Rotation: [-159.5418587818638, 77.20492495777376, 89.60818520483974]

