Generation 4:
Object: fox_toy
Position: [5.0, 4.5, 2.2]
Rotation: [85.15243060906107, -159.62542555899904, 104.93648692758893]

Object: slippers
Position: [5.0, 4.5, 2.2]
Rotation: [-62.62793263699287, 63.33198624625885, -164.97863713293117]

Object: fuzzy_slippers
Position: [5.157367100086561, 4.5, 2.259381214605962]
Rotation: [-133.0800161445066, -123.04426370604216, 93.45230916744583]

Object: pillow__black
Position: [5.197066115896227, 4.5, 2.334452539375762]
Rotation: [-168.01299770093286, -162.40594299638846, 133.8519946345029]

