Generation 13:
Object: fox_toy
Position: [5.0, 4.5, 2.2]
Rotation: [43.68661684289759, 144.25412531649886, 111.43753980040992]

Object: slippers
Position: [5.0, 4.5, 2.2]
Rotation: [174.72825439392818, -58.59557063541632, 50.47359363446651]

Object: fuzzy_slippers
Position: [5.0, 4.5, 2.509806665852966]
Rotation: [125.93495245060996, -68.28288706413551, -2.3463267106816375]

Object: pillow__black
Position: [5.6581316016577325, 4.5, 2.3793531022713394]
Rotation: [15.66913275830791, 142.46030276320306, -124.96936857871307]

