Generation 7:
Object: fox_toy
Position: [5.113281714653853, 4.5, 2.5148961094109916]
Rotation: [-17.225210283547767, 58.27723370679985, -4.572183938658867]

Object: pillow__black
Position: [5.5462605536815595, 4.5, 2.891154708946634]
Rotation: [-32.22045590936543, 88.53514176015341, 68.53428851835781]

Object: pillow(2)
Position: [5.0, 4.5, 2.2]
Rotation: [-27.35571172695896, 20.014679838353572, 78.86733861267834]

