Generation 7:
Object: fox_toy
Position: [5.0, 4.5, 2.2]
Rotation: [11.98999607852528, -47.53188138647653, 76.11139267926012]

Object: pillow__black
Position: [5.43690133397849, 4.5, 2.4224312706752325]
Rotation: [-124.3267944313045, -68.57190353757008, 109.26179159868963]

Object: pillow(2)
Position: [5.1631585330880725, 4.5, 2.2]
Rotation: [-164.56829940278226, 85.1443380491674, 65.84702737281344]

