Generation 12:
Object: fox_toy
Position: [5.0, 4.5, 2.2462022344781336]
Rotation: [88.03175116434085, -43.94432125456697, -154.8562220128839]

Object: pillow__black
Position: [5.13763588813137, 4.5, 2.448661650824074]
Rotation: [74.21589924662536, -17.843727579191523, 22.29474118762863]

Object: pillow(2)
Position: [5.0, 4.5, 2.2]
Rotation: [117.5482876492398, 103.89571721954326, -125.54193899399885]

