Generation 16:
Object: fox_toy
Position: [5.0, 4.5, 2.2194959458814654]
Rotation: [-161.34111450492998, -102.9836923893567, -14.352235423187636]

Object: pillow__black
Position: [5.20613427124759, 4.5, 2.2]
Rotation: [172.53353063386362, 60.48874828744488, 33.70869124875284]

Object: pillow(2)
Position: [5.0, 4.5, 2.2]
Rotation: [145.3691641861924, 76.86463372113826, -104.70076559037061]

