Generation 12:
Object: fox_toy
Position: [5.589649079414734, 4.5, 2.2]
Rotation: [102.85430499135822, 119.49830920559765, -87.62353318778696]

Object: slippers
Position: [5.807791809225965, 4.5, 3.1082989446109752]
Rotation: [-95.64516976235359, -75.24124460562572, 82.73999074218784]

Object: fuzzy_slippers
Position: [5.0, 4.5, 2.2]
Rotation: [59.92504485940094, -12.905401659489883, 126.26009195105746]

Object: pillow__black
Position: [5.0, 4.5, 2.2]
Rotation: [-12.2625596119301, -7.8929204021225985, 79.8932382391373]

