Generation 12:
Object: fox_toy
Position: [5.1003954160425335, 4.5, 2.420466949841337]
Rotation: [28.18921766297447, 145.54207238731266, -4.694018850084689]

Object: slippers
Position: [5.401766519703365, 4.5, 2.2]
Rotation: [124.08468517693012, -56.274061636619194, 169.31777937462658]

Object: fuzzy_slippers
Position: [5.338296277941545, 4.5, 2.2]
Rotation: [157.745660284398, 17.934976968965543, 157.09666520770082]

Object: pillow__black
Position: [5.120837009821622, 4.5, 2.2983292403364484]
Rotation: [-94.99471024685529, -152.41695350387255, -167.58614300727936]

