Generation 12:
Object: fox_toy
Position: [5.587307184609722, 4.5, 2.5107195820091377]
Rotation: [58.66004925927842, 176.832094341789, 28.543814199378232]

Object: slippers
Position: [5.0, 4.5, 2.6584681103660452]
Rotation: [-156.8471293031456, -56.63935502474489, -110.81048095183851]

Object: fuzzy_slippers
Position: [5.0, 4.5, 2.377514572028304]
Rotation: [63.85662996052548, 56.29691649693618, -156.26845021329567]

Object: pillow__black
Position: [5.299157775593884, 4.5, 3.1595541527079662]
Rotation: [-25.37852665458132, -161.96742861815554, -121.28201146360115]

