Generation 17:
Object: fox_toy
Position: [5.0, 4.5, 2.2]
Rotation: [-46.257307913360364, -86.00038224029873, 103.0114624476663]

Object: pillow__black
Position: [5.7850975470992605, 4.5, 2.6813066919938904]
Rotation: [-142.0045865018189, 11.595218536598054, 44.64590802241486]

Object: pillow(2)
Position: [5.0, 4.5, 2.2]
Rotation: [-120.38299658744577, -160.26925196438, -28.854124043069703]

