Generation 6:
Object: fox_toy
Position: [5.271997226537429, 4.5, 2.2]
Rotation: [66.76864779305475, 110.62034702244017, 55.93018840113359]

Object: slippers
Position: [5.378227080448627, 4.5, 2.761648518364159]
Rotation: [43.58415148105041, -69.47685478320255, 62.406268235498715]

Object: fuzzy_slippers
Position: [5.0, 4.5, 2.2]
Rotation: [97.95919858963236, 24.977584180832253, 162.55817786465877]

Object: pillow__black
Position: [5.0, 4.5, 2.467670786717127]
Rotation: [-79.16297413241634, -73.4946732033111, 94.015678241356]

