Generation 8:
Object: fox_toy
Position: [5.4588929169711, 4.5, 2.2]
Rotation: [121.9955908794546, -94.04487801088187, 142.4017616803742]

Object: pillow__black
Position: [5.1837690165926285, 4.5, 2.582325693607281]
Rotation: [66.83596400837644, 69.63151302853964, 146.71312747099023]

Object: pillow(2)
Position: [5.478330679074503, 4.5, 2.528162765565983]
Rotation: [-99.411019991479, -55.35500645776571, 35.75473957447019]

