Generation 13:
Object: fox_toy
Position: [5.465641168742207, 4.5, 2.2]
Rotation: [-47.17556292752812, 121.92071925090022, -62.687841758160175]

Object: slippers
Position: [6.0, 4.5, 3.0823279955355134]
Rotation: [-74.11117265818916, -72.59332942680315, 19.37039062733379]

Object: fuzzy_slippers
Position: [5.0, 4.5, 2.2]
Rotation: [45.87323311477547, 20.353922184015573, 114.03200796814605]

Object: pillow__black
Position: [5.0, 4.5, 2.2]
Rotation: [-74.49732164084251, -28.75103409602329, 3.277580153112865]

