Generation 9:
Object: fox_toy
Position: [5.0, 4.5, 2.2]
Rotation: [61.50397590879635, -131.96745351762786, 132.03411842838034]

Object: slippers
Position: [5.0, 4.5, 2.633500268023325]
Rotation: [124.6903440795852, 71.94066914446398, 177.68817196184636]

Object: fuzzy_slippers
Position: [5.0, 4.5, 2.2747564484811327]
Rotation: [70.1190421312906, 124.35072898940535, -31.674702938445193]

Object: pillow__black
Position: [5.0, 4.5, 2.3519939269600743]
Rotation: [18.598206237781994, -38.117533892973626, 31.05968696577594]

