Generation 20:
Object: fox_toy
Position: [5.0, 4.5, 2.2]
Rotation: [-171.34261192080018, 114.76042331969114, -127.8581699250629]

Object: slippers
Position: [5.0, 4.5, 2.345847401155644]
Rotation: [52.91627187434881, 42.87476771187349, -37.05486902635633]

Object: fuzzy_slippers
Position: [5.864553746597391, 4.5, 2.2]
Rotation: [-135.3108801244524, -156.68778710428933, -104.61664480765234]

Object: pillow__black
Position: [5.321152359720426, 4.5, 2.3095622889994774]
Rotation: [-108.43225105613459, 39.49944746372273, -21.972980639432848]

