Generation 17:
Object: fox_toy
Position: [5.182437930197864, 4.5, 2.2]
Rotation: [159.13846666510108, 27.874691260333123, -175.62117677965867]

Object: pillow__black
Position: [5.257783324836854, 4.5, 3.0601458543074997]
Rotation: [-133.94642516023762, 53.80410239088218, -2.3223841148317206]

Object: pillow(2)
Position: [5.0, 4.5, 2.2]
Rotation: [138.10385400245752, 67.64585715385988, 159.83241629713592]

