Generation 7:
Object: fox_toy
Position: [5.125307437371389, 4.5, 2.2]
Rotation: [-96.40204232985494, -36.35766167217753, -19.472223584969583]

Object: slippers
Position: [5.406519112831593, 4.5, 2.5328480214450284]
Rotation: [-164.9566170733819, -59.04324169841853, 167.03677220084967]

Object: fuzzy_slippers
Position: [5.389531059387956, 4.5, 2.453772499273151]
Rotation: [-163.164973242945, -22.32096502983279, -7.760395543870004]

