Generation 5:
Object: fox_toy
Position: [5.0, 4.5, 2.2]
Rotation: [89.85754537265029, -144.43106909676254, -67.65848656483382]

Object: pillow__black
Position: [5.289934209292283, 4.5, 2.2]
Rotation: [167.72135179214456, -169.86537399126235, -113.02004328427982]

Object: pillow(2)
Position: [5.144176457558686, 4.5, 2.2]
Rotation: [101.7336682732568, 32.05532966240105, -113.22207722357761]

