Generation 3:
Object: fox_toy
Position: [5.0, 4.5, 2.2573500269375595]
Rotation: [119.45659279753994, 134.65362389925565, 108.13231386150403]

Object: pillow__black
Position: [5.0, 4.5, 2.374356784386829]
Rotation: [-122.55057552266953, 157.5040490394332, -178.7854828323916]

Object: pillow(2)
Position: [5.0, 4.5, 2.2]
Rotation: [152.00967960187864, 153.22629486563187, 162.08779453362223]

