Generation 1:
Object: fox_toy
Position: [5.0, 4.5, 2.2]
Rotation: [177.10622351085647, -148.71062365435182, 148.2615609527271]

Object: pillow__black
Position: [5.0, 4.5, 2.4499295627857216]
Rotation: [-146.8472734478151, -103.3575883704039, -158.27151388962668]

Object: pillow(2)
Position: [5.094179651688173, 4.5, 2.4276492791724316]
Rotation: [177.94816662692995, -163.575638569815, -174.4717972225218]

