Generation 7:
Object: fox_toy
Position: [5.304324648620823, 4.5, 2.2781850012330223]
Rotation: [84.96466603777526, -62.59961360872046, 75.15345283406259]

Object: pillow__black
Position: [5.1424052217836715, 4.5, 2.971202467311383]
Rotation: [94.39694519746695, 115.31367554479243, 177.40521357569605]

Object: pillow(2)
Position: [5.355875467589921, 4.5, 2.597123524574125]
Rotation: [-107.02200317140674, -107.5340917830597, 50.69094176519445]

