Generation 9:
Object: fox_toy
Position: [5.202622472420265, 4.5, 2.8171304026456676]
Rotation: [138.1480266378985, -45.40068585101403, 89.52026730379413]

Object: pillow__black
Position: [5.731288530690975, 4.5, 2.2]
Rotation: [-54.84817768711412, -63.41243032246334, 95.51593342211464]

Object: pillow(2)
Position: [5.1751309046189995, 4.5, 2.598103507315632]
Rotation: [-24.41758971839667, 95.3160930224804, 70.88626861164579]

