Generation 12:
Object: fox_toy
Position: [5.1508430092328465, 4.5, 2.600000079339234]
Rotation: [-137.65552751611756, 96.34835942832069, 137.97677204774448]

Object: pillow__black
Position: [5.600017919527295, 4.5, 3.064442974702502]
Rotation: [-94.98381916186119, 137.49215594692623, -73.95553694030725]

Object: pillow(2)
Position: [5.0, 4.5, 2.7633569901711263]
Rotation: [-92.96245328774637, -50.43058951409546, 117.5902902369503]

