Generation 12:
Object: fox_toy
Position: [5.29694563761701, 4.5, 3.018482646986003]
Rotation: [160.50165715556147, -18.36164872658071, -4.221236252672725]

Object: pillow__black
Position: [5.815537431269882, 4.5, 2.2]
Rotation: [28.940397681100876, -77.06542845115764, 47.306627123927]

Object: pillow(2)
Position: [5.013010942154808, 4.5, 2.759488339116751]
Rotation: [-12.925336350462885, 141.49773604293836, 84.71612866259784]

