Generation 11:
Object: fox_toy
Position: [5.176823331078177, 4.5, 2.2]
Rotation: [12.452282555411074, -105.44457504820298, 5.946529351498157]

Object: pillow__black
Position: [5.0, 4.5, 2.3565122765304714]
Rotation: [102.47373440146521, -4.15032207171879, 112.45643790103162]

Object: pillow(2)
Position: [5.0, 4.5, 2.688878719051251]
Rotation: [20.307563124453054, 132.70964547711577, -35.37688898561987]

