Generation 10:
Object: fox_toy
Position: [5.5633578147675395, 4.5, 2.910372811892469]
Rotation: [-103.57712120629729, 169.8516681728629, 40.88813682370079]

Object: pillow__black
Position: [5.256223819617308, 4.5, 3.007145359289564]
Rotation: [-92.24095165564648, 44.45726190837502, 94.4974618555205]

Object: pillow(2)
Position: [5.331631012956521, 4.5, 2.3203585673743317]
Rotation: [-99.90135259510829, 170.39540262705083, -136.99449933364534]

