Generation 13:
Object: fox_toy
Position: [5.0, 4.5, 2.2]
Rotation: [155.3134879964448, -37.90029215755379, -99.54590581808213]

Object: pillow__black
Position: [5.552634988268735, 4.5, 2.2]
Rotation: [110.55422114965643, 131.09447652695542, 101.86679638665828]

Object: pillow(2)
Position: [5.0, 4.5, 2.3927902718592087]
Rotation: [-159.3804433917187, 47.77309050782429, -115.45636935104761]

