Generation 18:
Object: fox_toy
Position: [5.0, 4.5, 2.2]
Rotation: [32.93304573761685, 52.342645330491166, 165.8456997228244]

Object: pillow__black
Position: [5.276509214215153, 4.5, 2.71692552720145]
Rotation: [-152.57946281633573, 50.82142489793284, -113.19179323479779]

Object: pillow(2)
Position: [5.0, 4.5, 2.2]
Rotation: [121.39460799631951, 0.90642316734818, -145.9411183420864]

