Generation 1:
Object: fox_toy
Position: [5.020099074956281, 4.5, 2.498149921724029]
Rotation: [179.13495469801092, 166.4602387335214, -77.41312405320774]

Object: slippers
Position: [5.059663807726257, 4.5, 2.315354459490497]
Rotation: [158.2418586551264, -160.4913340662906, 162.5879392462552]

Object: fuzzy_slippers
Position: [5.004692453365001, 4.5, 2.4803840670538873]
Rotation: [168.20904431924595, -163.61908814787765, 156.83236263050208]

Object: pillow__black
Position: [5.0, 4.5, 2.2]
Rotation: [167.4426957468824, 164.60691696319543, 142.00594662830633]

