Generation 4:
Object: fox_toy
Position: [5.045954293358957, 4.5, 2.2]
Rotation: [-154.6937390621944, -32.638527144439536, -73.53439806074117]

Object: slippers
Position: [5.301847066291444, 4.5, 2.5664691108057514]
Rotation: [-172.3299680096251, -75.9550223405138, 155.4571502897607]

Object: fuzzy_slippers
Position: [5.251592556427558, 4.5, 2.2656496390911265]
Rotation: [134.34658431687672, 97.95480765406069, -119.92788802874715]

