Generation 9:
Object: fox_toy
Position: [5.0, 4.5, 2.2]
Rotation: [-107.76041625316778, -44.93346612706, -127.46378406619388]

Object: pillow__black
Position: [5.417135511750496, 4.5, 2.2]
Rotation: [-37.12264311301732, 90.17279502824567, 119.40581197759423]

Object: pillow(2)
Position: [5.174935900974288, 4.5, 2.2]
Rotation: [-148.20318139159153, -176.11849700136236, 169.3194030898169]

