Generation 2:
Object: fox_toy
Position: [5.07404858995096, 4.5, 2.2]
Rotation: [84.65546632911548, -134.04618035698323, -126.2326790780644]

Object: slippers
Position: [5.1445641536569635, 4.5, 2.302165558378853]
Rotation: [96.5998453952783, -93.28211349606822, -129.08291108880735]

Object: fuzzy_slippers
Position: [5.086840472980328, 4.5, 2.2]
Rotation: [99.93035715587342, 118.18286521620183, -137.29949569863246]

