Generation 10:
Object: fox_toy
Position: [5.0, 4.5, 2.2]
Rotation: [134.84877260964424, 2.443880934352535, -106.00087603318569]

Object: pillow__black
Position: [5.270268663906091, 4.5, 2.4739777720506115]
Rotation: [36.51755553071666, -12.579611201849275, -57.736431739057764]

Object: pillow(2)
Position: [5.0, 4.5, 2.2255529087884263]
Rotation: [59.20762226352548, 118.66787076985895, -89.04324815924805]

