Generation 7:
Object: fox_toy
Position: [5.0, 4.5, 2.4970663174195575]
Rotation: [-73.3648185691453, -91.2496321554953, -161.3191843789517]

Object: pillow__black
Position: [5.245624524575289, 4.5, 2.717540121800091]
Rotation: [39.662447611398875, 98.29032816656724, 60.04044848835781]

Object: pillow(2)
Position: [5.0, 4.5, 2.2]
Rotation: [20.692877698772463, -60.99496899552874, -97.46395071225886]

