Generation 18:
Object: fox_toy
Position: [5.0, 4.5, 3.0305707355410325]
Rotation: [37.3811940258671, -13.787288674875413, -47.93250557125961]

Object: pillow__black
Position: [5.889603131756428, 4.5, 2.8984737246573262]
Rotation: [78.55058851738346, 173.54935323235708, 142.47984716159237]

Object: pillow(2)
Position: [5.0, 4.5, 2.2]
Rotation: [43.13301307620108, 125.346655353811, 45.97460544516207]

