Generation 17:
Object: fox_toy
Position: [5.971391247181347, 4.5, 2.7884362082440037]
Rotation: [-136.42623671244837, 107.32830501686072, 179.67479345286745]

Object: pillow__black
Position: [5.0, 4.5, 2.4729197036833357]
Rotation: [-137.8798194740028, 17.475447480738126, 164.44916219545007]

Object: pillow(2)
Position: [5.8554852170943645, 4.5, 2.364132350125466]
Rotation: [-99.76528879301421, -140.26438713456753, -0.7099311620547439]

