Generation 20:
Object: fox_toy
Position: [5.290924913653824, 4.5, 2.2]
Rotation: [30.39169479100491, 138.06093490407795, 17.13515581457719]

Object: slippers
Position: [5.083400693197818, 4.5, 2.2]
Rotation: [80.81847432558698, -115.51775567185257, 176.39617642363123]

Object: fuzzy_slippers
Position: [5.375946176026558, 4.5, 2.2]
Rotation: [-123.0943540502416, -34.43939199855549, 31.648105409394248]

Object: pillow__black
Position: [5.073536041879378, 4.5, 2.2]
Rotation: [-74.9021715489189, -107.76975288746365, -117.04964680015428]

