Generation 20:
Object: fox_toy
Position: [5.857846971196014, 4.5, 3.01233777220826]
Rotation: [-92.47485622880887, -113.62953548618479, 17.847435325130505]

Object: pillow__black
Position: [5.508886535396263, 4.5, 3.338860025326274]
Rotation: [-54.314874973436076, 55.58164722783215, 112.76407438623863]

Object: pillow(2)
Position: [5.307841661176112, 4.5, 2.2]
Rotation: [-42.501927952177766, -134.24212505078833, -39.912840343822495]

