Generation 8:
Object: fox_toy
Position: [5.652138088397924, 4.5, 2.9751684964406184]
Rotation: [-148.69549717100642, -173.56543956339974, 86.91533736080612]

Object: pillow__black
Position: [5.2943296596099, 4.5, 3.007060987719901]
Rotation: [-19.700175267735773, 17.491006677271116, 96.65823926258952]

Object: pillow(2)
Position: [5.630779230347428, 4.5, 2.3494635545986906]
Rotation: [-107.65042235291659, 168.77078016023478, -51.752495224121134]

