Generation 3:
Object: fox_toy
Position: [5.03247808351788, 4.5, 2.2]
Rotation: [164.72172272339742, -117.99276928288641, -95.30012566016195]

Object: slippers
Position: [5.0, 4.5, 2.319924645219472]
Rotation: [-124.0914986079209, -105.7539152932638, -138.3089012264767]

Object: fuzzy_slippers
Position: [5.0, 4.5, 2.359445858538463]
Rotation: [127.958230881686, -91.76175202769403, -163.06871381427817]

Object: pillow__black
Position: [5.0657956816268745, 4.5, 2.461943048624805]
Rotation: [-34.335278057904645, -96.6264112991018, 100.17161986834304]

