Generation 10:
Object: fox_toy
Position: [5.0, 4.5, 2.446519035742879]
Rotation: [-144.2302693169462, -60.103610782172225, -176.373158228339]

Object: pillow__black
Position: [5.24511424208028, 4.5, 2.811564667624702]
Rotation: [11.606857405542769, 67.81653592211785, -19.46584699224809]

Object: pillow(2)
Position: [5.0, 4.5, 2.2]
Rotation: [69.35890867801345, -98.78492340220853, -158.55075278116786]

