Generation 20:
Object: fox_toy
Position: [5.039480299225966, 4.5, 2.2]
Rotation: [-175.0401011675261, -46.91598596519418, 96.27340869515098]

Object: pillow__black
Position: [5.0, 4.5, 3.095659942022136]
Rotation: [155.52494177143927, 134.86550177538732, 164.7472624378779]

Object: pillow(2)
Position: [5.834129988815341, 4.5, 2.2]
Rotation: [20.694905724260025, -21.884256607247806, -103.22141191034046]

