Generation 14:
Object: fox_toy
Position: [5.09645414846097, 4.5, 2.2]
Rotation: [37.773705695263004, 55.70318775001067, -119.93130905401107]

Object: pillow__black
Position: [5.164932218974736, 4.5, 2.2]
Rotation: [92.93901717912973, 35.31974146992843, -131.67296276014957]

Object: pillow(2)
Position: [5.0, 4.5, 2.2]
Rotation: [87.45500265983372, 42.278235424212255, 25.947954038742523]

