Generation 6:
Object: fox_toy
Position: [5.0, 4.5, 2.2]
Rotation: [151.29769444234313, 78.1133995444257, -60.50861397243054]

Object: slippers
Position: [5.405096211775643, 4.5, 2.2]
Rotation: [0.5411222725197433, -147.14859602030737, -42.031581851720745]

Object: fuzzy_slippers
Position: [5.107736323801784, 4.5, 2.2]
Rotation: [-71.99258798694822, -97.83074332214352, -57.00971693668082]

Object: pillow__black
Position: [5.01878150835462, 4.5, 2.396741529212764]
Rotation: [-44.19224190019665, 34.109115281544064, 173.61426731265112]

