Generation 18:
Object: fox_toy
Position: [5.0, 4.5, 2.2]
Rotation: [83.43718482921571, 170.5053986818025, -179.9659804832746]

Object: pillow__black
Position: [5.0, 4.5, 2.4249873482161575]
Rotation: [115.71489428298173, 173.03795529626132, 168.6098798486978]

Object: pillow(2)
Position: [5.0, 4.5, 2.2]
Rotation: [14.060350868653302, -139.2897536830194, 5.393782299598342]

