Generation 7:
Object: fox_toy
Position: [5.02800524515271, 4.5, 2.2]
Rotation: [7.063822181796468, 3.5739972023399957, -158.13165691355172]

Object: slippers
Position: [5.0, 4.5, 2.2]
Rotation: [41.81375115758033, 31.47906755116074, -61.10327737013252]

Object: fuzzy_slippers
Position: [5.090954429101932, 4.5, 2.2]
Rotation: [52.64200087939696, 41.11150712476086, -171.15573980710104]

Object: pillow__black
Position: [5.421983000207058, 4.5, 2.351609850821929]
Rotation: [-23.097978258850958, -116.75699373481748, 137.6247412698022]

