Generation 20:
Object: fox_toy
Position: [5.5784574481171205, 4.5, 2.2]
Rotation: [81.48826034091798, -152.96633645656573, 173.84199217709312]

Object: pillow__black
Position: [5.0, 4.5, 2.6249805050389696]
Rotation: [-78.62676785089396, -153.38280505008612, 8.603141619573165]

Object: pillow(2)
Position: [5.416647778524894, 4.5, 2.54334117168755]
Rotation: [-135.89773093405435, -106.50787215948974, 128.55504687714796]

