Generation 13:
Object: fox_toy
Position: [5.632079685349861, 4.5, 2.6066663536869985]
Rotation: [42.59552636237032, -134.29249953666536, -4.893570171676117]

Object: slippers
Position: [5.0, 4.5, 2.7115802887995804]
Rotation: [-110.77115576296978, -97.66709431895046, -113.52456079760448]

Object: fuzzy_slippers
Position: [5.0, 4.5, 2.297949541499963]
Rotation: [-34.993772179765756, 57.412352487937625, -173.471852864401]

Object: pillow__black
Position: [5.349290873385134, 4.5, 2.919107215169963]
Rotation: [-7.239195291110832, -170.52872207046354, -86.4984850802537]

