Generation 1:
Object: fox_toy
Position: [5.0, 4.5, 2.2]
Rotation: [176.64779723564777, 136.9241200728648, 128.0682440561007]

Object: slippers
Position: [5.006429369503587, 4.5, 2.262940347306448]
Rotation: [172.34914519993356, -163.2307547721529, -174.4058844625644]

Object: fuzzy_slippers
Position: [5.178767333041053, 4.5, 2.2]
Rotation: [-177.36716010595927, 162.5082895308821, 117.50918977614344]

Object: pillow__black
Position: [5.065863442478656, 4.5, 2.2]
Rotation: [141.37785941331197, -168.463580089503, 124.99514717757052]

