Generation 1:
Object: fox_toy
Position: [5.0, 4.5, 2.2]
Rotation: [159.2376815847315, -161.0076320993294, -129.33119517604905]

Object: slippers
Position: [5.0, 4.5, 2.2]
Rotation: [-150.23493536439008, -142.35827093072305, 160.0244592043956]

Object: fuzzy_slippers
Position: [5.0, 4.5, 2.2]
Rotation: [174.35874930842965, -178.4469472004015, -158.82114523322903]

Object: pillow__black
Position: [5.074672299366273, 4.5, 2.2]
Rotation: [159.78725578910547, -175.03486365659276, 172.04328921733656]

