Generation 8:
Object: fox_toy
Position: [5.089633567145742, 4.5, 2.2]
Rotation: [-141.8429923159997, -25.851891271320426, -22.638302341620857]

Object: slippers
Position: [5.277016463487227, 4.5, 2.4077805379876556]
Rotation: [171.4610329091081, -45.55758565015901, -157.69560118261123]

Object: fuzzy_slippers
Position: [5.106479904193971, 4.5, 2.6156719403556403]
Rotation: [108.22048785676338, 9.793818363591413, -73.02039368283891]

