Generation 2:
Object: fox_toy
Position: [5.0, 4.5, 2.2]
Rotation: [-126.31624370420741, 165.29619338514578, -119.67944540646548]

Object: pillow__black
Position: [5.087859565991951, 4.5, 2.2]
Rotation: [-131.1752691315043, 149.68743898024593, -169.01832093977458]

Object: pillow(2)
Position: [5.0, 4.5, 2.243925335591281]
Rotation: [-132.46238351899171, 123.0760030577926, -146.17434710409546]

