Generation 9:
Object: fox_toy
Position: [5.320695988320666, 4.5, 2.2]
Rotation: [74.0810398117647, -124.63397840021088, 74.7324543377191]

Object: pillow__black
Position: [5.0, 4.5, 2.8694317707994412]
Rotation: [48.593256232905105, 58.21031322047361, 142.69210093669477]

Object: pillow(2)
Position: [5.533864588361608, 4.5, 2.399054518582471]
Rotation: [-124.84763693263133, -59.17543331138194, -8.348910717141507]

