Generation 8:
Object: fox_toy
Position: [5.0, 4.5, 2.2]
Rotation: [128.3331148919229, -63.00076229630372, -171.68650201871117]

Object: pillow__black
Position: [5.0, 4.5, 2.2]
Rotation: [163.66368424851692, 163.43750059119049, -91.31814862324238]

Object: pillow(2)
Position: [5.024164449544957, 4.5, 2.887017244117141]
Rotation: [92.37066039688307, -43.42257346543636, -103.21962755437023]

