Generation 6:
Object: fox_toy
Position: [5.0, 4.5, 2.2]
Rotation: [148.65015992837647, 54.717819385390385, 109.80604619409979]

Object: pillow__black
Position: [5.0, 4.5, 2.2]
Rotation: [-177.91571284406575, 137.35560251541722, -100.7429786067575]

Object: pillow(2)
Position: [5.0, 4.5, 2.508312011065973]
Rotation: [89.91789080664148, -21.53527742332585, -161.74548530481098]

