Generation 16:
Object: fox_toy
Position: [5.0, 4.5, 2.2]
Rotation: [-177.07057248302215, -20.729648959958837, -122.51493706486687]

Object: pillow__black
Position: [5.0, 4.5, 2.7110892717328303]
Rotation: [86.03189155248674, -120.93104682470562, -49.730880648134615]

Object: pillow(2)
Position: [5.0, 4.5, 2.2]
Rotation: [135.0476775883123, 166.50062513143723, -35.310806580991]

