Generation 19:
Object: fox_toy
Position: [5.0, 4.5, 2.2]
Rotation: [-14.43081497278132, -15.927465649962329, 128.9027846149288]

Object: pillow__black
Position: [5.846165955823781, 4.5, 2.4223160875822782]
Rotation: [-100.57474057912934, -104.56469843201585, 32.00924259939205]

Object: pillow(2)
Position: [5.0, 4.5, 2.2]
Rotation: [-148.6795072996305, 110.93938220217291, -5.805981121175876]

