Generation 7:
Object: fox_toy
Position: [5.264264259463065, 4.5, 2.2]
Rotation: [-51.11219884275519, 130.90172313774895, 101.4787721514748]

Object: pillow__black
Position: [5.0, 4.5, 2.38886906941374]
Rotation: [84.98755013785217, 0.9616007023171846, -118.39895022867253]

Object: pillow(2)
Position: [5.0, 4.5, 2.5095600773650837]
Rotation: [67.0569302026571, 172.3176190735315, 5.355875866599149]

