Generation 10:
Object: fox_toy
Position: [5.0, 4.5, 2.4024440864373107]
Rotation: [108.97356458876988, -124.31313265380172, 100.8802676683892]

Object: slippers
Position: [5.0, 4.5, 2.767806029562784]
Rotation: [83.93061164112373, 73.63954266370422, -177.4161639997908]

Object: fuzzy_slippers
Position: [5.0, 4.5, 2.2]
Rotation: [29.63679525467569, 81.74655758500313, -16.911267551061144]

Object: pillow__black
Position: [5.0, 4.5, 2.2]
Rotation: [-119.52086785257234, 90.58687451475214, -25.424424872144186]

