Generation 7:
Object: fox_toy
Position: [5.478826570910881, 4.5, 2.2]
Rotation: [64.30860338975424, -13.882250120131403, -37.41938153348315]

Object: pillow__black
Position: [5.0, 4.5, 2.5967305731038826]
Rotation: [-68.67547696592865, 73.95133375532373, -94.70163864492511]

Object: pillow(2)
Position: [5.163158025226711, 4.5, 2.40212173929637]
Rotation: [153.81221075434456, -128.10088548879108, 84.07408844332434]

