Generation 19:
Object: fox_toy
Position: [6.0, 4.5, 2.7539135290897114]
Rotation: [-168.23832587035378, 123.64529934629377, -117.26483652212994]

Object: slippers
Position: [5.99312489412035, 4.5, 2.214260717489297]
Rotation: [109.72054457400975, -176.86896158934155, 101.0246132664592]

Object: fuzzy_slippers
Position: [5.0, 4.5, 2.2]
Rotation: [-121.38036452550011, -123.36685984265117, -107.10350421813703]

Object: pillow__black
Position: [5.0, 4.5, 2.2]
Rotation: [-32.04423269816695, 136.87046225078, 116.14083090996803]

