Generation 17:
Object: fox_toy
Position: [5.33067538361744, 4.5, 2.2]
Rotation: [-9.379996658290452, 69.96446822011393, -116.05828644702797]

Object: slippers
Position: [5.933341938871543, 4.5, 3.2005258130112395]
Rotation: [-102.21634471901581, -5.055034446891682, 18.942964070411165]

Object: fuzzy_slippers
Position: [5.0, 4.5, 2.2]
Rotation: [3.8590506901125536, -16.41217309570527, 156.74966236669343]

Object: pillow__black
Position: [5.0, 4.5, 2.2]
Rotation: [-55.47201338393914, 32.00192955610407, 46.640601475588085]

