Generation 18:
Object: fox_toy
Position: [5.0, 4.5, 2.225121108124532]
Rotation: [-46.08979602602176, -39.609920627971036, 109.10171436881149]

Object: slippers
Position: [5.0, 4.5, 3.17042110037434]
Rotation: [52.46293008215338, 105.7078203594192, -91.5536517695558]

Object: fuzzy_slippers
Position: [5.0, 4.5, 2.2]
Rotation: [69.80720689438812, 121.61691001011229, -160.8903648823083]

Object: pillow__black
Position: [5.0, 4.5, 2.2]
Rotation: [-177.31994472745282, 103.44841345904797, -46.29670681278657]

