Generation 19:
Object: fox_toy
Position: [5.0, 4.5, 2.2]
Rotation: [-31.665929255782203, -161.0812422649767, -163.69892124695505]

Object: pillow__black
Position: [5.0, 4.5, 2.2]
Rotation: [20.143854183192843, -50.24209035181889, -80.5152107321208]

Object: pillow(2)
Position: [5.274225343109081, 4.5, 2.770122176229342]
Rotation: [22.898709026163885, -35.8490896701679, -15.458337543217084]

