Generation 1:
Object: fox_toy
Position: [5.0, 4.5, 2.2501531852922394]
Rotation: [-150.3668241475059, -150.24936069249398, 148.89644979575797]

Object: pillow__black
Position: [5.122378842650209, 4.5, 2.2040508936245407]
Rotation: [-168.23341940846, -151.807364463262, 161.561478993611]

Object: pillow(2)
Position: [5.061388973157532, 4.5, 2.314687590098885]
Rotation: [136.14702210202756, -97.34337830685, 101.15903243403403]

