Generation 14:
Object: fox_toy
Position: [5.0, 4.5, 2.2]
Rotation: [17.941477127298754, -95.75967012905818, 166.5165508228966]

Object: pillow__black
Position: [5.0, 4.5, 2.2]
Rotation: [-54.306995481862074, -19.742779598109223, -15.52092634361486]

Object: pillow(2)
Position: [5.0, 4.5, 2.735459208209958]
Rotation: [3.669075277335935, -69.8974147444575, -38.69672815630241]

