Generation 4:
Object: fox_toy
Position: [5.1168745109006935, 4.5, 2.276161317461695]
Rotation: [107.99236891797511, 74.87294087061395, -111.5412812663924]

Object: pillow__black
Position: [5.162391858138469, 4.5, 2.595979502992367]
Rotation: [-68.98651420165713, 89.52695813204656, 100.1892411642537]

Object: pillow(2)
Position: [5.0, 4.5, 2.2]
Rotation: [-134.78161539907677, 110.6724772073652, 127.3679109499019]

