Generation 14:
Object: fox_toy
Position: [5.228724826222209, 4.5, 2.2]
Rotation: [142.05316182023643, 164.10664123418394, -5.194044311776878]

Object: pillow__black
Position: [5.0, 4.5, 2.431833208991804]
Rotation: [80.25260209657392, -99.0725603939919, 15.740695783488604]

Object: pillow(2)
Position: [5.1177218624160385, 4.5, 2.37410537426837]
Rotation: [24.350298212497535, -5.837598287730202, 170.43185590500389]

