Generation 11:
Object: fox_toy
Position: [5.653884576306313, 4.5, 2.2]
Rotation: [30.884888658687373, 145.9980389599267, -30.251145820210127]

Object: slippers
Position: [5.771575765522037, 4.5, 2.8933592338754304]
Rotation: [13.639102832195022, -38.39984638470759, 44.78135329063639]

Object: fuzzy_slippers
Position: [5.0, 4.5, 2.2]
Rotation: [57.04084373970693, 42.456967003407385, 65.82466715941183]

Object: pillow__black
Position: [5.0, 4.5, 2.2]
Rotation: [-72.76995370769386, -36.059264650424865, 25.327061393427982]

