Generation 9:
Object: fox_toy
Position: [5.061210632656383, 4.5, 2.2]
Rotation: [86.12672097650147, -62.19907806766071, -2.5938115797734156]

Object: pillow__black
Position: [5.0, 4.5, 2.257673715933369]
Rotation: [99.04222549652889, -22.799479564298906, 52.0909141718239]

Object: pillow(2)
Position: [5.191666920813301, 4.5, 2.6737786097573664]
Rotation: [19.131533952513905, -92.6899527189533, 152.1050781286874]

