Generation 5:
Object: fox_toy
Position: [5.196858803591818, 4.5, 2.2]
Rotation: [29.825575652287625, 101.14315516624197, 51.039567160131185]

Object: slippers
Position: [5.2454222910704695, 4.5, 2.5555548021031944]
Rotation: [42.978622948964585, -83.86554458359814, 86.14897924583727]

Object: fuzzy_slippers
Position: [5.0, 4.5, 2.2]
Rotation: [78.2241360679671, 88.9879061820692, 160.2364398709649]

Object: pillow__black
Position: [5.030155185829684, 4.5, 2.2]
Rotation: [-34.54488806494416, -27.9010598064433, 100.25037679365403]

