Generation 12:
Object: fox_toy
Position: [5.018596282728726, 4.5, 2.2]
Rotation: [-104.00356325987671, 24.95822817838186, -70.39263179857026]

Object: pillow__black
Position: [5.278575966704504, 4.5, 2.2]
Rotation: [-23.066192138135648, 107.02420733156646, 167.21253400387923]

Object: pillow(2)
Position: [5.0, 4.5, 2.2]
Rotation: [177.64784568217362, -174.57988653325347, -131.52102684411346]

