Generation 2:
Object: fox_toy
Position: [5.062691163030961, 4.5, 2.444470612990063]
Rotation: [150.28276196716314, 150.67358612326484, -146.3800270385966]

Object: pillow__black
Position: [5.049826502715056, 4.5, 2.2]
Rotation: [-114.85507089010858, 155.9643046108455, -164.33218750566382]

Object: pillow(2)
Position: [5.0, 4.5, 2.2]
Rotation: [-118.65793748487702, -149.3206072568908, 157.24635760569663]

