Generation 16:
Object: fox_toy
Position: [5.183464639551427, 4.5, 2.6344277916674317]
Rotation: [85.63141307329005, -105.97986964866973, -158.47512666346844]

Object: pillow__black
Position: [5.409039093215354, 4.5, 2.2]
Rotation: [130.31768016769252, -54.38089444074805, -171.2986312504112]

Object: pillow(2)
Position: [5.078528867689587, 4.5, 2.4505153470866667]
Rotation: [-22.372724104355143, 145.46532656741556, -49.216451581956676]

