Generation 8:
Object: fox_toy
Position: [5.071120947150927, 4.5, 2.2]
Rotation: [96.09882246740148, -58.75701376655023, 9.397671828099476]

Object: pillow__black
Position: [5.0, 4.5, 2.2779369793354127]
Rotation: [131.4004879530786, -73.6303485285131, 142.03143042446175]

Object: pillow(2)
Position: [5.170428939598075, 4.5, 2.310967563261266]
Rotation: [6.263546135009847, 86.81497828498419, 141.76433199218616]

