Generation 15:
Object: fox_toy
Position: [5.990806488874793, 4.5, 2.505594073416289]
Rotation: [117.53868216575961, 95.65181716466884, -84.67257069540534]

Object: slippers
Position: [5.5583373498279975, 4.5, 2.2]
Rotation: [163.39831380910437, -82.10744828446508, 22.46632517414048]

Object: fuzzy_slippers
Position: [5.0, 4.5, 2.2]
Rotation: [-116.6985533162644, -96.27336194224424, -109.02188645424528]

Object: pillow__black
Position: [5.0, 4.5, 2.2]
Rotation: [-73.0656220886635, 152.6694137150937, 89.60745738472349]

