Generation 5:
Object: fox_toy
Position: [5.274858874382077, 4.5, 2.295293955179605]
Rotation: [-56.0384871214105, 91.58011570563485, -62.95269415750148]

Object: slippers
Position: [5.379782026592005, 4.5, 2.2]
Rotation: [-120.42403605968667, 84.8007385961231, -163.44788965529358]

Object: fuzzy_slippers
Position: [5.444479724497387, 4.5, 2.2]
Rotation: [150.68821125798866, 80.90196059362921, 149.68621527375342]

Object: pillow__black
Position: [5.473593258059772, 4.5, 2.393688954469396]
Rotation: [-161.87300450780606, -145.83092410117453, -170.54375930258243]

