Generation 9:
Object: fox_toy
Position: [5.0, 4.5, 2.6166739143743447]
Rotation: [4.3342266643165885, 38.35693186317155, -52.46890338159365]

Object: pillow__black
Position: [5.508331639797214, 4.5, 2.862451599167731]
Rotation: [11.348758443905297, 127.15295877186878, 80.4886525497015]

Object: pillow(2)
Position: [5.0, 4.5, 2.2]
Rotation: [-90.10312590345795, 80.62760999864622, 18.061114499301652]

