Generation 2:
Object: fox_toy
Position: [5.0, 4.5, 2.298579822143971]
Rotation: [-155.22576682449676, -167.34482259024261, 178.966579337869]

Object: pillow__black
Position: [5.031547493291385, 4.5, 2.2]
Rotation: [-90.94513198108764, 105.2785241210131, 108.91647547612797]

Object: pillow(2)
Position: [5.0, 4.5, 2.2]
Rotation: [155.2827284018009, -144.64711375281064, -100.28109568176035]

