Generation 12:
Object: fox_toy
Position: [5.0, 4.5, 2.2]
Rotation: [-8.954720363116053, -21.865595114001877, 133.4866427891256]

Object: pillow__black
Position: [5.192069681722989, 4.5, 2.202860005424588]
Rotation: [51.44881030739168, 151.39791707110862, -147.05597413915353]

Object: pillow(2)
Position: [5.0, 4.5, 2.3178312469009166]
Rotation: [138.85487647424588, 32.09919490970964, -78.35779425008784]

