Generation 4:
Object: fox_toy
Position: [5.372271322742883, 4.5, 2.2616738608924463]
Rotation: [104.05531298899245, -94.75952430654792, 89.3896890867685]

Object: pillow__black
Position: [5.307157584913009, 4.5, 2.472480196354228]
Rotation: [82.98785376700039, 122.78340122325989, 120.5974183471219]

Object: pillow(2)
Position: [5.182036760531908, 4.5, 2.395641714924511]
Rotation: [-142.98439436875208, -141.8182413631944, 84.55047838633772]

