Generation 11:
Object: fox_toy
Position: [5.0, 4.5, 2.2]
Rotation: [-168.29298568854247, 27.87108276974851, -147.44961012288314]

Object: slippers
Position: [5.0, 4.5, 2.219529914323403]
Rotation: [16.21325958400982, 18.080941611743384, -40.971727915356894]

Object: fuzzy_slippers
Position: [5.527068918855438, 4.5, 2.2]
Rotation: [-35.3176664484032, -39.809756974110826, 2.175958807845234]

Object: pillow__black
Position: [5.525640344388188, 4.5, 2.353460509074786]
Rotation: [4.964866448578846, -159.8958315942008, 168.7229610102907]

