Generation 17:
Object: fox_toy
Position: [5.415604152276624, 4.5, 3.067186275789483]
Rotation: [-174.76832054606905, -12.357267310039902, -31.90448696499351]

Object: pillow__black
Position: [6.0, 4.5, 2.2]
Rotation: [-102.62743583303026, 17.921670634586576, 64.92269873865706]

Object: pillow(2)
Position: [5.0141781741058695, 4.5, 2.217871645867993]
Rotation: [-0.00115115453644421, 106.05145469161994, -3.2839366414392543]

