Generation 3:
Object: fox_toy
Position: [5.032594472146968, 4.5, 2.7287972226396002]
Rotation: [150.41347853257867, 118.05989345940617, -27.58615155708415]

Object: pillow__black
Position: [5.029362220740831, 4.5, 2.4648137244292943]
Rotation: [-116.6019808066296, 33.860448853327625, 122.01774792618141]

Object: pillow(2)
Position: [5.0, 4.5, 2.2]
Rotation: [-144.0655605515642, 91.36651798414204, 110.54178678646554]

