Generation 4:
Object: fox_toy
Position: [5.114349636542316, 4.5, 2.308574729184669]
Rotation: [-36.47046902441491, 138.00975504395132, -102.13669477790536]

Object: slippers
Position: [5.0745945912582835, 4.5, 2.2]
Rotation: [-74.82972714572068, 96.06915799764778, -102.25589774984945]

Object: fuzzy_slippers
Position: [5.0872171557927, 4.5, 2.2]
Rotation: [177.25988358090694, 107.84249715859238, 135.0498053509956]

Object: pillow__black
Position: [5.276972514550209, 4.5, 2.4256708781061715]
Rotation: [-124.5726363342483, -124.336745602482, 142.84593751179023]

