Generation 12:
Object: fox_toy
Position: [5.0, 4.5, 2.2412767906549225]
Rotation: [150.6829850010963, 88.78494476009723, -90.80682424896337]

Object: pillow__black
Position: [5.315348883936166, 4.5, 3.0732814495062075]
Rotation: [-64.59450879380812, 146.04007752839107, -12.349031930637295]

Object: pillow(2)
Position: [5.0, 4.5, 2.2]
Rotation: [111.40495915618328, 14.995279101719007, 157.73169874384314]

