Generation 11:
Object: fox_toy
Position: [5.0, 4.5, 2.349611495834191]
Rotation: [-147.95992822192636, -26.421156364579446, -16.53683935023446]

Object: pillow__black
Position: [5.38085420534498, 4.5, 2.2]
Rotation: [146.4942850979653, 96.0067037684409, 53.94286699510826]

Object: pillow(2)
Position: [5.0, 4.5, 2.2]
Rotation: [-172.61917794160652, 6.468914606294192, -51.839044582012065]

