Generation 6:
Object: fox_toy
Position: [5.434134034696685, 4.5, 2.2]
Rotation: [116.48632457830956, -16.00500644981571, -136.02302504954773]

Object: pillow__black
Position: [5.0, 4.5, 2.396900468119807]
Rotation: [-93.31565895702511, 59.164095187058535, -96.25040775049392]

Object: pillow(2)
Position: [5.067965994462017, 4.5, 2.349800524962201]
Rotation: [68.22519598768196, 166.88053443416084, 108.54461211238538]

