Generation 12:
Object: fox_toy
Position: [5.0, 4.5, 2.62568091042494]
Rotation: [-171.71327966007723, -66.37997853027694, -118.40918645577469]

Object: pillow__black
Position: [5.549611262714079, 4.5, 2.492093836542716]
Rotation: [47.02680597615483, -63.86204397629831, -57.56479399983857]

Object: pillow(2)
Position: [5.0, 4.5, 2.2]
Rotation: [6.852663949036128, -156.2550901406764, 161.83453707130013]

