Generation 13:
Object: fox_toy
Position: [5.0, 4.5, 2.2]
Rotation: [165.35382747594514, 76.39119901697904, -128.8944651485164]

Object: slippers
Position: [5.0, 4.5, 2.2]
Rotation: [108.31021947419009, -18.53031422908353, 58.0947782456019]

Object: fuzzy_slippers
Position: [5.57902350763481, 4.5, 2.2]
Rotation: [-66.52312956678645, -85.07929907771262, 1.987405502028082]

Object: pillow__black
Position: [5.397845000370916, 4.5, 2.323630045803548]
Rotation: [-86.38237301169215, 159.89602166803536, -151.12189720318395]

