Generation 6:
Object: fox_toy
Position: [5.0, 4.5, 2.2]
Rotation: [-116.2425397791421, -88.37144570443915, -107.61601518728888]

Object: pillow__black
Position: [5.4223156104791785, 4.5, 2.7464461020246276]
Rotation: [63.869108860581264, 114.79098038918926, 81.45746155128438]

Object: pillow(2)
Position: [5.0, 4.5, 2.2]
Rotation: [39.146956251812526, -96.7156513195572, 116.30076446967348]

