Generation 13:
Object: fox_toy
Position: [5.159003531761994, 4.5, 2.2]
Rotation: [-113.74407559710139, 131.0057389264473, -179.08183180502346]

Object: pillow__black
Position: [5.0, 4.5, 2.2]
Rotation: [131.62510662934517, -122.47632031839976, -100.65569315456634]

Object: pillow(2)
Position: [5.3455135218073675, 4.5, 2.318465853667985]
Rotation: [-122.39967772416773, -47.951673420571325, -30.1972108815267]

