Generation 16:
Object: fox_toy
Position: [5.007150838025605, 4.5, 2.4558378445413656]
Rotation: [174.57959439370245, 62.847495734277686, 123.94355073416017]

Object: pillow__black
Position: [5.600936687522202, 4.5, 3.11623112681603]
Rotation: [-117.43631913563323, 140.65850759724333, -50.04007052408275]

Object: pillow(2)
Position: [5.0, 4.5, 2.810264978801297]
Rotation: [-76.00788352031594, 51.00284470077679, 104.90217507378043]

