Generation 18:
Object: fox_toy
Position: [5.171806770220753, 4.5, 2.2]
Rotation: [-10.562480975328697, -31.800330535044395, 121.80953121212542]

Object: pillow__black
Position: [5.0, 4.5, 2.5751349217169452]
Rotation: [47.83155815180953, 157.67304318228048, 69.48072662775178]

Object: pillow(2)
Position: [5.0, 4.5, 3.1385723485847943]
Rotation: [-31.81704432585252, 140.60144872901913, 5.728346403402213]

