Generation 15:
Object: fox_toy
Position: [5.0, 4.5, 2.2]
Rotation: [-1.5789348145002577, -54.77859752699635, -15.718244463177683]

Object: slippers
Position: [5.64572052960468, 4.5, 2.2]
Rotation: [178.04691863529297, 157.11240406351305, 43.92657853661942]

Object: fuzzy_slippers
Position: [5.001281391788758, 4.5, 2.2]
Rotation: [-110.2959770532329, -34.7714124485241, 104.57658239644354]

Object: pillow__black
Position: [5.295398342656905, 4.5, 2.610097196908218]
Rotation: [-5.343967850857638, -63.26711110922014, 127.55018259318814]

