Generation 6:
Object: fox_toy
Position: [5.015260854322369, 4.5, 2.2]
Rotation: [-168.269225285547, -107.04318444904024, -116.4205939833973]

Object: slippers
Position: [5.0, 4.5, 2.319535608018799]
Rotation: [-27.02146297137614, -5.344068726691262, -127.47146670275868]

Object: fuzzy_slippers
Position: [5.078192811343678, 4.5, 2.2]
Rotation: [70.40284162717296, 14.626826547310088, 160.94271127601678]

Object: pillow__black
Position: [5.4954671200974285, 4.5, 2.2959241328682807]
Rotation: [40.48219555096284, 176.4127768221315, 144.3037634643464]

