Generation 8:
Object: fox_toy
Position: [5.0, 4.5, 2.2]
Rotation: [63.86784289651388, -167.39263389037677, 154.14237290757308]

Object: slippers
Position: [5.0, 4.5, 2.2]
Rotation: [-134.7750873085953, -25.216944394305926, 176.63182427376603]

Object: fuzzy_slippers
Position: [5.0, 4.5, 2.6194735093823915]
Rotation: [-67.38124630665763, -86.43912309945084, 16.478036677474222]

Object: pillow__black
Position: [5.612748903307025, 4.5, 2.5760331824382323]
Rotation: [-99.19597375918235, 147.37480391644715, 170.3388123371517]

