Generation 19:
Object: fox_toy
Position: [5.376424899278341, 4.5, 2.2]
Rotation: [-7.877146493989244, -164.30727136916417, -115.70816053835881]

Object: slippers
Position: [6.0, 4.5, 3.0952950847646825]
Rotation: [-26.992185725521722, -62.45527478206978, 87.80216377696479]

Object: fuzzy_slippers
Position: [5.0, 4.5, 2.2]
Rotation: [82.50907451288401, -15.61854321130329, 117.3443554345397]

Object: pillow__black
Position: [5.0, 4.5, 2.2]
Rotation: [-49.348349636035294, -49.51065012075034, 96.5958714228318]

