Generation 17:
Object: fox_toy
Position: [5.0, 4.5, 2.2]
Rotation: [-175.50302057855163, -111.72238858866423, 26.938303089028125]

Object: pillow__black
Position: [5.463592844239473, 4.5, 2.2]
Rotation: [116.42661568917117, 48.393796286241354, -31.587593660705863]

Object: pillow(2)
Position: [5.0, 4.5, 2.2]
Rotation: [179.6150754397138, 92.8442542467285, -155.9989152199232]

