Generation 12:
Object: fox_toy
Position: [5.0, 4.5, 2.2]
Rotation: [-69.39762194200966, -68.89842920050323, -29.063530896980865]

Object: pillow__black
Position: [5.108026423203024, 4.5, 2.2]
Rotation: [140.31589197002677, 36.6804947782947, 125.04585729548262]

Object: pillow(2)
Position: [5.0, 4.5, 2.2473511109125295]
Rotation: [-159.45121614750275, 83.50179477716125, -54.9513248121948]

