Generation 14:
Object: fox_toy
Position: [5.8411650045836225, 4.5, 2.7201954017871737]
Rotation: [106.6495681020121, 117.75085094230735, -41.26587165781615]

Object: slippers
Position: [5.8888062918408215, 4.5, 2.2]
Rotation: [155.34497275409535, -26.563866596540834, 46.16262483224065]

Object: fuzzy_slippers
Position: [5.0, 4.5, 2.2]
Rotation: [-109.92837986941731, -66.81489531252492, -120.41085897326094]

Object: pillow__black
Position: [5.0, 4.5, 2.2]
Rotation: [-155.82227172988897, 129.1121422503076, 88.09567126195293]

