Generation 7:
Object: fox_toy
Position: [5.061047715686507, 4.5, 2.2]
Rotation: [104.70092071090295, -77.95458560276286, -96.06204427465687]

Object: pillow__black
Position: [5.0, 4.5, 2.4346499856350556]
Rotation: [147.74502946390993, -78.33652182716087, 101.88121828647223]

Object: pillow(2)
Position: [5.1840054164095015, 4.5, 2.496521572835195]
Rotation: [47.224733839487214, 32.77729975249315, 173.0888724122134]

