Generation 13:
Object: fox_toy
Position: [5.0458422815392145, 4.5, 2.2]
Rotation: [-74.69224880921224, -122.40920874573229, 177.31446177043097]

Object: pillow__black
Position: [5.0, 4.5, 2.3868478507948474]
Rotation: [74.09334590339023, 168.85973962100536, -165.10006717649009]

Object: pillow(2)
Position: [5.0, 4.5, 2.2]
Rotation: [-26.471019914042444, -138.31849296694242, -7.449745533084865]

