Generation 3:
Object: fox_toy
Position: [5.116637276848738, 4.5, 2.692630295711079]
Rotation: [67.05160171042655, 116.93686748200219, 115.70498205595607]

Object: pillow__black
Position: [5.341906897358742, 4.5, 2.3204375536349624]
Rotation: [-123.81031631925853, -135.19814553268768, 158.29442887991507]

Object: pillow(2)
Position: [5.0, 4.5, 2.5037958784951027]
Rotation: [-86.12410440499745, -159.7214714751018, 84.8274206188483]

