Generation 3:
Object: fox_toy
Position: [5.0, 4.5, 2.2]
Rotation: [-123.78103596864776, -141.3643193314283, -98.36602146936146]

Object: pillow__black
Position: [5.18725931045967, 4.5, 2.421956836588081]
Rotation: [-96.55572763332478, 134.79268381646614, 112.73555737342411]

Object: pillow(2)
Position: [5.0, 4.5, 2.2]
Rotation: [-146.4301365609215, -114.55425300796978, -161.46987615003476]

