Generation 8:
Object: fox_toy
Position: [5.379427862148464, 4.5, 2.2]
Rotation: [-27.649118200037208, -178.1962970717732, -171.31432415454137]

Object: pillow__black
Position: [5.0, 4.5, 2.442983958901571]
Rotation: [95.15964750923536, -158.6990925276225, -179.2819589609399]

Object: pillow(2)
Position: [5.0, 4.5, 2.2]
Rotation: [-77.84679274821124, -136.27619864856769, 113.05575998832995]

