Generation 5:
Object: fox_toy
Position: [5.0, 4.5, 2.2]
Rotation: [-127.02940866329037, -123.8014902788708, 155.1510543822393]

Object: slippers
Position: [5.0, 4.5, 2.2]
Rotation: [-39.58560467509642, -31.44088505317086, -152.9025430271422]

Object: fuzzy_slippers
Position: [5.235936509886664, 4.5, 2.2]
Rotation: [132.31195332352945, 94.40835716225092, 165.15979074047806]

Object: pillow__black
Position: [5.278766139250196, 4.5, 2.3906429134904323]
Rotation: [50.757496596264104, -135.8077044930511, 83.20971482755539]

