Generation 4:
Object: fox_toy
Position: [5.0, 4.5, 2.2]
Rotation: [146.57407975367244, 107.16337416762883, -171.34191229791824]

Object: slippers
Position: [5.291995685309142, 4.5, 2.2]
Rotation: [-19.522322584476797, -128.22237745241762, -89.1049541797544]

Object: fuzzy_slippers
Position: [5.18610835500843, 4.5, 2.2]
Rotation: [-98.50775405714502, -132.5832296144979, -106.81974933419994]

Object: pillow__black
Position: [5.038358519203199, 4.5, 2.533333803498146]
Rotation: [-141.3058509249923, 59.034367339382584, 161.97326583605172]

