Generation 2:
Object: fox_toy
Position: [5.0, 4.5, 2.2]
Rotation: [-108.7395771567646, 124.68070982590325, -179.5089523416314]

Object: slippers
Position: [5.160014203835143, 4.5, 2.2]
Rotation: [-159.81605842188958, 135.70399215253258, -115.43016746925508]

Object: fuzzy_slippers
Position: [5.211710876264542, 4.5, 2.2]
Rotation: [160.0493050095489, 124.04130689613481, 154.43423713920362]

Object: pillow__black
Position: [5.147753679905424, 4.5, 2.3434462556389994]
Rotation: [-165.46088241910172, -165.18157782276757, 172.9224451879922]

