Generation 14:
Object: fox_toy
Position: [5.0, 4.5, 2.2]
Rotation: [23.873902112235896, -171.28539123112023, 130.36029646150155]

Object: slippers
Position: [5.0, 4.5, 2.2]
Rotation: [173.68987319938253, -64.56353363957032, -4.356416430317381]

Object: fuzzy_slippers
Position: [5.0, 4.5, 2.785023728361626]
Rotation: [-174.0631491967095, -117.05514373345113, 21.321294510799362]

Object: pillow__black
Position: [5.448030705709889, 4.5, 2.4177493556629566]
Rotation: [-131.5645106422747, 116.35556245849477, -147.06003468793088]

