Generation 9:
Object: fox_toy
Position: [5.0, 4.5, 2.2302963789368033]
Rotation: [90.66422158885103, 3.0844597000960903, 131.23952079250228]

Object: pillow__black
Position: [5.320732602001793, 4.5, 2.6588657056711105]
Rotation: [19.395742004222825, 82.17802886370322, 149.8774575671663]

Object: pillow(2)
Position: [5.151803785497691, 4.5, 2.382267654866671]
Rotation: [-9.44420536306069, -94.24144832811433, 0.16540100396747448]

