Generation 9:
Object: fox_toy
Position: [5.19479683040911, 4.5, 2.2]
Rotation: [-25.43325610795503, -145.97921216554542, 168.2646304272738]

Object: pillow__black
Position: [5.0, 4.5, 2.2532890225404865]
Rotation: [76.72494335117426, 147.46783559886126, -143.68500908781428]

Object: pillow(2)
Position: [5.0, 4.5, 2.2]
Rotation: [-62.632427085628024, -100.3981726393471, -179.3168427307265]

