Generation 14:
Object: fox_toy
Position: [5.0, 4.5, 2.7438645072186465]
Rotation: [-177.30151314478914, -98.40976302902114, -145.9626066028632]

Object: pillow__black
Position: [5.443400835219882, 4.5, 2.6945298281582604]
Rotation: [14.807936764778105, -9.320079100877706, 23.941586564804254]

Object: pillow(2)
Position: [5.0, 4.5, 2.2]
Rotation: [54.317503689796695, -111.30299763500358, -156.51899982765602]

