Generation 10:
Object: fox_toy
Position: [5.0, 4.5, 2.2]
Rotation: [161.4007434539002, -69.77207508922962, -102.10188835137907]

Object: pillow__black
Position: [5.276780161426976, 4.5, 2.2]
Rotation: [115.35434960698785, 151.9890934180154, -60.44245374160194]

Object: pillow(2)
Position: [5.115612493345092, 4.5, 2.2]
Rotation: [91.02098965273694, 68.84620244802738, 172.55477133163367]

