Generation 14:
Object: fox_toy
Position: [5.104341040213168, 4.5, 2.2]
Rotation: [52.68741748146155, -149.47809217814634, -150.5073609015213]

Object: pillow__black
Position: [5.0, 4.5, 2.292153484758923]
Rotation: [138.29095666341993, -164.18846390989376, -148.71403771531402]

Object: pillow(2)
Position: [5.000443998768132, 4.5, 2.2]
Rotation: [20.7736653662449, -64.21736659695958, 30.39478276748514]

