Generation 6:
Object: fox_toy
Position: [5.32575933431434, 4.5, 2.7541518139104246]
Rotation: [58.82902226999869, 23.892958891385376, -46.893009638795746]

Object: pillow__black
Position: [5.482738417025921, 4.5, 2.818319772057828]
Rotation: [-52.87047353715994, 95.23233346098357, 137.02719320882397]

Object: pillow(2)
Position: [5.0, 4.5, 2.2]
Rotation: [-178.59167383505894, 99.96186552435364, 63.09406067070938]

