Generation 9:
Object: fox_toy
Position: [5.0, 4.5, 2.4624239599234232]
Rotation: [118.85719200444464, -145.5815961692831, 124.68605144371338]

Object: pillow__black
Position: [5.022153664268951, 4.5, 2.218371248374545]
Rotation: [153.5895879657317, -108.3852712016276, 147.13302342063207]

Object: pillow(2)
Position: [5.0, 4.5, 2.358511945222135]
Rotation: [-19.019529234987203, -26.714305204890394, -27.371827744802715]

