Generation 1:
Object: fox_toy
Position: [5.0, 4.5, 2.2]
Rotation: [171.10890600472135, 135.43020816166484, 132.77091772821518]

Object: slippers
Position: [5.030580472752498, 4.5, 2.266714754206374]
Rotation: [166.3900744165333, 161.56753143200137, -177.9636682495921]

Object: fuzzy_slippers
Position: [5.0, 4.5, 2.4287124674576512]
Rotation: [-167.32395936048093, -177.4875432126669, 100.54058116294476]

Object: pillow__black
Position: [5.0, 4.5, 2.2]
Rotation: [121.6550388563366, -122.65765235681828, 163.37162154971696]

