Generation 7:
Object: fox_toy
Position: [5.404379734354357, 4.5, 2.823460096974489]
Rotation: [-136.1435582467478, -136.05216128707394, 66.91424711291268]

Object: pillow__black
Position: [5.176722028736264, 4.5, 3.1071458428156746]
Rotation: [-98.94517068307137, 6.090334413701044, 117.18203023397291]

Object: pillow(2)
Position: [5.289245170676305, 4.5, 2.3199907433685993]
Rotation: [-71.1511389233939, -152.3907832651212, -124.6830639197208]

