Generation 8:
Object: fox_toy
Position: [5.0, 4.5, 2.2]
Rotation: [-101.05927121657275, -24.467317703335482, -159.6552338064456]

Object: slippers
Position: [5.0, 4.5, 2.208142363958432]
Rotation: [57.705893571352505, 11.762700716900014, 9.905001171864456]

Object: fuzzy_slippers
Position: [5.278614078953973, 4.5, 2.2]
Rotation: [-15.409360204148413, 54.45750074902509, 84.60926015074403]

Object: pillow__black
Position: [5.502976524892017, 4.5, 2.4669818392551695]
Rotation: [-24.672985808685326, -122.97406681046962, 168.9437488233599]

