Generation 9:
Object: fox_toy
Position: [5.249267778948143, 4.5, 2.510320449896328]
Rotation: [149.81112999266327, 27.342467387854697, 128.26454611037906]

Object: pillow__black
Position: [5.333241116916339, 4.5, 2.6760175792800225]
Rotation: [-36.922848722734756, -135.48392312761453, -73.0650981340735]

Object: pillow(2)
Position: [5.0, 4.5, 2.7218508194612143]
Rotation: [-46.95125604562662, 67.798621450155, 89.93741337361212]

