Generation 1:
Object: fox_toy
Position: [5.0731139638820695, 4.5, 2.2]
Rotation: [161.93206817568307, -156.58887624805658, 154.81282477371133]

Object: pillow__black
Position: [5.114857229337863, 4.5, 2.2]
Rotation: [-166.72763843602033, -175.00804535587775, 161.92240583593752]

Object: pillow(2)
Position: [5.016007904027776, 4.5, 2.2]
Rotation: [179.42552990051223, -164.439035099682, 151.7246381588027]

