Generation 9:
Object: fox_toy
Position: [5.333611797548142, 4.5, 2.2]
Rotation: [21.864020123629274, -162.93726840921693, 70.38316305652631]

Object: pillow__black
Position: [5.0392438506628805, 4.5, 2.2]
Rotation: [21.06723837083763, -63.47870912246867, 144.0037481807396]

Object: pillow(2)
Position: [5.0, 4.5, 2.610364833134186]
Rotation: [31.873396513106513, 144.62106197186307, 38.15175283871406]

