Generation 17:
Object: fox_toy
Position: [5.0, 4.5, 2.927809177747764]
Rotation: [-119.00791107061295, 51.013806020923425, -178.39769975872105]

Object: pillow__black
Position: [5.806385328823552, 4.5, 3.1080230073464126]
Rotation: [-39.86621924170592, 129.72796046186704, -146.67644091876912]

Object: pillow(2)
Position: [5.0, 4.5, 2.6358905279085336]
Rotation: [-52.70676849777243, -88.66136562790109, 155.4763519926306]

