Generation 17:
Object: fox_toy
Position: [5.0, 4.5, 2.2]
Rotation: [-40.661883670493296, 47.42016582448582, -49.18163323517632]

Object: pillow__black
Position: [5.333284388252402, 4.5, 2.2]
Rotation: [112.59486315752844, 136.44905778025554, 68.82611630123421]

Object: pillow(2)
Position: [5.052061311123412, 4.5, 2.2164783321624486]
Rotation: [-147.33726309299817, 168.73254173845254, -95.16948509608957]

