Generation 2:
Object: fox_toy
Position: [5.00309173923372, 4.5, 2.369718710831827]
Rotation: [-169.07694845907193, -101.23421422862094, 175.9045393401076]

Object: slippers
Position: [5.034794675231035, 4.5, 2.3072103370537023]
Rotation: [143.64412670969023, 107.99007166028218, 159.2778602394423]

Object: fuzzy_slippers
Position: [5.029314272193481, 4.5, 2.430949355119484]
Rotation: [127.18313709318892, 163.13736233745936, -176.42555581634653]

Object: pillow__black
Position: [5.0, 4.5, 2.2]
Rotation: [-161.7938153460191, -177.8534234643755, 134.19543618957556]

