Generation 6:
Object: fox_toy
Position: [5.251236130330541, 4.5, 2.492496142943264]
Rotation: [-72.30712840313336, -110.93085521155687, -102.75021036214306]

Object: pillow__black
Position: [5.0, 4.5, 2.415824183205116]
Rotation: [-160.9871159229317, 134.3380549878279, -89.6884783986506]

Object: pillow(2)
Position: [5.0, 4.5, 2.2]
Rotation: [-128.99117289767682, -156.60173851713517, -90.26111589516499]

