Generation 12:
Object: fox_toy
Position: [5.0, 4.5, 2.782203355969033]
Rotation: [96.6555955487745, -149.59026956734215, -121.81603210049639]

Object: pillow__black
Position: [5.143810337878023, 4.5, 2.3402951308555218]
Rotation: [114.12070495681746, -65.62650582079169, -176.16946358364416]

Object: pillow(2)
Position: [5.078100532672499, 4.5, 2.220668248242393]
Rotation: [-30.515732707904135, -133.25094169185093, -79.41713586268014]

