Generation 14:
Object: fox_toy
Position: [5.507201373970005, 4.5, 2.2]
Rotation: [-92.26060659276773, 83.41735528368281, -101.47212732846288]

Object: slippers
Position: [5.0, 4.5, 2.6563815638589006]
Rotation: [-145.13005590924723, -39.27619550532023, -51.5213770505236]

Object: fuzzy_slippers
Position: [5.270139512449118, 4.5, 2.5656604532182454]
Rotation: [70.91579172684055, -55.217582265630554, -52.50287575049347]

Object: pillow__black
Position: [5.0, 4.5, 3.4780732321295726]
Rotation: [-113.46088080412623, -44.402558639577876, 94.00665214604533]

