Generation 2:
Object: fox_toy
Position: [5.0, 4.5, 2.2]
Rotation: [171.21173385733846, -118.30019062955544, -147.99760717274054]

Object: pillow__black
Position: [5.0, 4.5, 2.220256923014508]
Rotation: [-108.40686645749946, -130.7656805158907, -174.11898870914987]

Object: pillow(2)
Position: [5.0, 4.5, 2.520471066880015]
Rotation: [107.67809166710379, -178.03351428534722, 124.83928883324279]

