Generation 15:
Object: fox_toy
Position: [5.0, 4.5, 2.4003895607247645]
Rotation: [-63.13513725165859, -67.81992794482161, 170.3159263176144]

Object: slippers
Position: [5.0, 4.5, 2.8273556861032434]
Rotation: [117.76215165437293, 77.04352922967087, -171.28758514242475]

Object: fuzzy_slippers
Position: [5.0, 4.5, 2.2179310778919428]
Rotation: [110.3316263957139, 172.59553816291083, -166.328126888013]

Object: pillow__black
Position: [5.0, 4.5, 2.2]
Rotation: [-172.57561656992232, 26.064303652855102, 38.75146877172256]

