Generation 5:
Object: fox_toy
Position: [5.289851105054569, 4.5, 2.2339329607266367]
Rotation: [31.849743777018148, -30.427786080675162, 141.3545648387966]

Object: pillow__black
Position: [5.091064864297212, 4.5, 2.9685991875194606]
Rotation: [52.45723766266582, 84.95406351910827, 154.46647673416948]

Object: pillow(2)
Position: [5.229528322471615, 4.5, 2.39416924801795]
Rotation: [-139.0205888486365, -103.38508850528596, 110.08023201650724]

