Generation 14:
Object: fox_toy
Position: [5.0, 4.5, 2.2]
Rotation: [-69.8225913286186, -9.30665342629564, -104.22173822659707]

Object: pillow__black
Position: [5.32722316823173, 4.5, 2.2]
Rotation: [-118.69223443170114, 46.44964837469155, 165.06621054279867]

Object: pillow(2)
Position: [5.0, 4.5, 2.2]
Rotation: [-143.00583175522812, 123.0331841105027, -108.41448384632474]

