Generation 8:
Object: fox_toy
Position: [5.2488332187276425, 4.5, 2.245642736663038]
Rotation: [-44.849964949314284, -151.68879229171637, -7.198879988648372]

Object: pillow__black
Position: [5.0, 4.5, 2.506747590841336]
Rotation: [-91.79037592050788, 105.01551899051583, -46.68185099804802]

Object: pillow(2)
Position: [5.014478375877667, 4.5, 2.2]
Rotation: [153.25874115479814, -107.6700041965642, 157.1128258528825]

