Generation 2:
Object: fox_toy
Position: [5.0, 4.5, 2.2]
Rotation: [-139.8184390306844, 140.36164022539123, 142.32558853651932]

Object: pillow__black
Position: [5.0, 4.5, 2.2]
Rotation: [179.15748816487667, 155.3323693306271, -133.03156092627697]

Object: pillow(2)
Position: [5.0, 4.5, 2.242827998733616]
Rotation: [130.53001360122892, -147.3070518399514, -138.79881460397678]

