Generation 15:
Object: fox_toy
Position: [5.0, 4.5, 2.2]
Rotation: [-12.97151868934202, -107.4019013521638, -146.96768210617856]

Object: pillow__black
Position: [5.0, 4.5, 2.2]
Rotation: [-44.93042175696661, 22.88964242483587, -15.045782097149782]

Object: pillow(2)
Position: [5.102810850461582, 4.5, 2.688454098415621]
Rotation: [29.827082196688707, 31.122421682614885, -87.31939070499126]

