Generation 5:
Object: fox_toy
Position: [5.271535042592161, 4.5, 2.3026320780215466]
Rotation: [81.02813491579832, 73.00421551790578, -166.52788560418205]

Object: slippers
Position: [5.0, 4.5, 2.4550491461092854]
Rotation: [-111.3917290708393, 112.62808306717818, 37.433778450746104]

Object: fuzzy_slippers
Position: [5.3194748983231515, 4.5, 2.203882185483897]
Rotation: [80.38188790793629, 171.15663964031, -70.86077080554504]

Object: pillow__black
Position: [5.02371905777164, 4.5, 2.817556134576815]
Rotation: [-66.41752411652342, -138.000977523311, 125.57570096433346]

