Generation 2:
Object: fox_toy
Position: [5.0, 4.5, 2.2763059594875403]
Rotation: [75.10661835525252, -89.03611823954863, 120.72347279739415]

Object: pillow__black
Position: [5.167949115223082, 4.5, 2.3720673448517116]
Rotation: [-88.80043136531388, 178.29852639985882, 126.65630416044388]

Object: pillow(2)
Position: [5.088311158748304, 4.5, 2.2]
Rotation: [-121.93592578300033, 64.9440151031061, 142.14599760870658]

