Generation 10:
Object: fox_toy
Position: [5.3295446612599715, 4.5, 2.420083464883673]
Rotation: [-48.2195827315696, -102.61203830514435, 12.961951121477426]

Object: pillow__black
Position: [5.0, 4.5, 2.4356626216654815]
Rotation: [-80.05693811502681, -22.00976216317133, -46.050368662365]

Object: pillow(2)
Position: [5.0, 4.5, 2.2]
Rotation: [129.55318307697814, -88.33278342019682, -173.2983144683705]

