Generation 15:
Object: fox_toy
Position: [5.0, 4.5, 2.7802726597154]
Rotation: [28.802062463709717, 21.55161304941197, -101.61862738472765]

Object: pillow__black
Position: [5.749342147043793, 4.5, 3.002113963271001]
Rotation: [83.37842226719442, 169.70994346517676, -164.55956531224112]

Object: pillow(2)
Position: [5.0, 4.5, 2.2481201839313374]
Rotation: [-70.17161398754588, 87.50587302450094, 34.585397226672626]

