Generation 4:
Object: fox_toy
Position: [5.0, 4.5, 2.2]
Rotation: [-110.7603250776481, 162.69659964124918, 94.13467432009423]

Object: pillow__black
Position: [5.0, 4.5, 2.2]
Rotation: [-155.16612652892314, -141.0135949862044, 87.67388665499004]

Object: pillow(2)
Position: [5.055627670861606, 4.5, 2.5633020711515053]
Rotation: [-166.82810424832093, 130.06796227355198, 120.09779135661961]

