Generation 3:
Object: fox_toy
Position: [5.0, 4.5, 2.2]
Rotation: [-136.00681508574388, 171.7062040296745, -12.329764749090316]

Object: pillow__black
Position: [5.0, 4.5, 2.456923009556881]
Rotation: [140.61470659101315, -137.43181554490303, 81.6849046723002]

Object: pillow(2)
Position: [5.034518233443996, 4.5, 2.3783976484918106]
Rotation: [147.94179523232424, 153.02036304939412, -109.93755124599336]

