Generation 5:
Object: fox_toy
Position: [5.0, 4.5, 2.587479183394984]
Rotation: [152.45184656746767, -80.32536582873946, 52.10914080522605]

Object: pillow__black
Position: [5.0, 4.5, 2.2]
Rotation: [127.07634952885473, 85.31348511260916, 77.72645631065262]

Object: pillow(2)
Position: [5.0, 4.5, 2.2]
Rotation: [-103.73294956887544, -36.797502604317856, -85.80775214653964]

