Generation 10:
Object: fox_toy
Position: [5.0, 4.5, 2.2]
Rotation: [-110.02951130791246, 28.83946979784443, -83.61334906596475]

Object: pillow__black
Position: [5.47112756784504, 4.5, 2.2]
Rotation: [-44.35106709005322, 101.03655778759821, -145.76766312282936]

Object: pillow(2)
Position: [5.0, 4.5, 2.2]
Rotation: [173.9761724559192, 160.74126813322795, -123.53336298830575]

