Generation 19:
Object: fox_toy
Position: [5.0, 4.5, 2.2]
Rotation: [0.5361999536127655, -28.061108648466416, -69.98296396904827]

Object: slippers
Position: [5.5152528512401755, 4.5, 2.2]
Rotation: [-105.32488595574586, 115.8568050305687, 68.485981499454]

Object: fuzzy_slippers
Position: [5.0, 4.5, 2.2]
Rotation: [-53.611968814095505, -34.86659858403863, 69.94910099254415]

Object: pillow__black
Position: [5.260814288828184, 4.5, 2.4589396167529474]
Rotation: [54.933879872881846, -79.01516152918157, 16.024056273093606]

