Generation 2:
Object: fox_toy
Position: [5.152225310898822, 4.5, 2.2]
Rotation: [128.57964695513004, 149.43595600873402, 123.02447819650325]

Object: pillow__black
Position: [5.085914410662628, 4.5, 2.31051578434197]
Rotation: [-104.07631779499441, 121.64989873715291, 142.2629465175553]

Object: pillow(2)
Position: [5.016419419254991, 4.5, 2.3998559557268564]
Rotation: [-165.59489326446206, -149.79586430698535, -175.26312383565067]

