Generation 3:
Object: fox_toy
Position: [5.0, 4.5, 2.4678579207311326]
Rotation: [136.19682048433992, 154.01993656280723, -75.34522257241319]

Object: pillow__black
Position: [5.082675554438016, 4.5, 2.4713757741261677]
Rotation: [-172.91853146721266, -90.90834184714284, -133.14956470862165]

Object: pillow(2)
Position: [5.0, 4.5, 2.3184491357968167]
Rotation: [-77.85698087007576, 111.26678497146872, 100.32014868419964]

