Generation 16:
Object: fox_toy
Position: [5.0, 4.5, 2.2]
Rotation: [-130.54062935104002, 54.18409125976311, -107.99371285676753]

Object: slippers
Position: [5.0, 4.5, 2.20121555247867]
Rotation: [56.13474092837481, 34.03371890133852, 9.293236723129468]

Object: fuzzy_slippers
Position: [5.7448781143490955, 4.5, 2.2]
Rotation: [-38.436869730797525, -33.474030001368305, -20.393171291214003]

Object: pillow__black
Position: [5.272459502112434, 4.5, 2.6229035110533974]
Rotation: [-123.6190182162764, 107.44710472979045, -139.96376790589153]

