Generation 9:
Object: fox_toy
Position: [5.40822854711294, 4.5, 2.2]
Rotation: [-32.524623894231354, 122.35669995509807, -59.56410106146677]

Object: slippers
Position: [5.7163742554345145, 4.5, 2.7095316621396273]
Rotation: [-61.43092673220997, 39.808173376528686, 26.178875149565158]

Object: fuzzy_slippers
Position: [5.0, 4.5, 2.2]
Rotation: [28.999584281014336, 95.82894491416027, -158.59083134029737]

Object: pillow__black
Position: [5.0, 4.5, 2.2]
Rotation: [-94.21111021544624, -27.140855219971513, 70.04942508004399]

