Generation 19:
Object: fox_toy
Position: [5.086864892677802, 4.5, 2.6689210633729443]
Rotation: [-117.83962588856905, 71.28757741534815, -145.0158806655707]

Object: pillow__black
Position: [5.7696606856430055, 4.5, 3.0070496144887717]
Rotation: [-53.11603859713195, 142.42941112458044, -93.56960396192531]

Object: pillow(2)
Position: [5.0, 4.5, 2.916989330608234]
Rotation: [-106.75646850379073, -48.022504197221224, -171.93754775181753]

