Generation 18:
Object: fox_toy
Position: [5.0, 4.5, 2.2]
Rotation: [-167.64484482201493, 108.50911994354527, -28.474641626918697]

Object: slippers
Position: [5.0, 4.5, 2.3768510836386554]
Rotation: [30.868451798012103, 13.94921150012678, -3.1463739342955535]

Object: fuzzy_slippers
Position: [5.871419972329084, 4.5, 2.2]
Rotation: [-122.22082592432355, -115.79338370902235, -62.989449442613136]

Object: pillow__black
Position: [5.413766194399401, 4.5, 2.463131310844586]
Rotation: [-151.55531406949677, 82.5767110516199, -53.505406611118914]

