Generation 15:
Object: fox_toy
Position: [5.530163920655461, 4.5, 3.1684396842944227]
Rotation: [-156.33332196616513, -90.00740131581303, 24.93659580048859]

Object: pillow__black
Position: [5.331512249825397, 4.5, 3.3086863551675836]
Rotation: [-94.78062340125096, -25.14310795414616, 127.38432054651895]

Object: pillow(2)
Position: [5.515866231951284, 4.5, 2.2]
Rotation: [7.2007419508944395, -105.37731771158315, -76.60268429642203]

