Generation 19:
Object: fox_toy
Position: [5.382829122359524, 4.5, 2.2]
Rotation: [126.04820171005554, -166.03635897529614, 27.747541807098315]

Object: pillow__black
Position: [5.0, 4.5, 2.2]
Rotation: [-25.535158002160728, 1.7089330720025373, -140.51252777531732]

Object: pillow(2)
Position: [5.0, 4.5, 2.3155552625142617]
Rotation: [140.03884709436278, 8.049573883670831, 145.8450672642939]

