Generation 6:
Object: fox_toy
Position: [5.445600325302175, 4.5, 2.3613292207671015]
Rotation: [34.765008664124764, 141.80174988629096, 31.58673908601702]

Object: slippers
Position: [5.131897501373608, 4.5, 2.2063092814249003]
Rotation: [96.63836317076084, 128.78923029915757, -33.72153533567587]

Object: fuzzy_slippers
Position: [5.0, 4.5, 2.2296408070834457]
Rotation: [1.6158175723541035, -92.44983213096957, -71.9572181642658]

Object: pillow__black
Position: [5.0, 4.5, 2.2]
Rotation: [178.71061025004963, 165.70726292892437, 77.13992670533912]

