Generation 1:
Object: fox_toy
Position: [5.116007511598878, 4.5, 2.2]
Rotation: [164.69175078603917, -118.38750913060602, -177.24697918578335]

Object: pillow__black
Position: [5.207721167374002, 4.5, 2.3758386112838217]
Rotation: [148.04902511561954, 134.0429644235748, -177.16199305735458]

Object: pillow(2)
Position: [5.0, 4.5, 2.2]
Rotation: [128.63511219147898, -118.52272650916203, -146.11485223859245]

