Generation 5:
Object: fox_toy
Position: [5.0, 4.5, 2.4882625293166565]
Rotation: [-176.37315698129862, -137.8901915456466, -133.6971843107401]

Object: pillow__black
Position: [5.0, 4.5, 2.2]
Rotation: [141.26859829345847, -138.96048724676646, 154.58513786940682]

Object: pillow(2)
Position: [5.1952788775441, 4.5, 2.2460673989861433]
Rotation: [140.400663727169, -61.89155189726202, 29.127144879836464]

