Generation 5:
Object: fox_toy
Position: [5.345162469248536, 4.5, 2.2]
Rotation: [-98.57065263118731, 165.67930228588568, 136.37988897049922]

Object: pillow__black
Position: [5.0, 4.5, 2.4231031038568345]
Rotation: [-174.52502437779515, -141.45249444923263, 173.15772416379684]

Object: pillow(2)
Position: [5.0, 4.5, 2.2]
Rotation: [-39.074001736875914, -116.77350809435447, 86.38106174962752]

