Generation 19:
Object: fox_toy
Position: [5.128757554945331, 4.5, 2.2]
Rotation: [68.31767930003653, 25.131850953151883, 122.41777831716979]

Object: pillow__black
Position: [5.0, 4.5, 2.574659772306333]
Rotation: [96.44340114993139, 8.11525262906352, -10.891580195225629]

Object: pillow(2)
Position: [5.0, 4.5, 2.948153039328466]
Rotation: [-77.11562948360091, 165.90103357506996, 11.526143242057344]

