Generation 16:
Object: fox_toy
Position: [5.0, 4.5, 2.2]
Rotation: [-24.940810820004117, -91.50264589701067, 71.88087113613682]

Object: slippers
Position: [5.0, 4.5, 2.763628207916393]
Rotation: [86.99406940751788, 88.9395357642328, -110.71728641722304]

Object: fuzzy_slippers
Position: [5.0, 4.5, 2.2]
Rotation: [98.25828777416672, -143.0624471412455, -97.30308553837915]

Object: pillow__black
Position: [5.0, 4.5, 2.2]
Rotation: [-118.94173929257761, 117.7067770733837, 42.62220091175078]

