Generation 7:
Object: fox_toy
Position: [5.0, 4.5, 2.2]
Rotation: [60.394188841051005, -80.60846909008943, 102.51086278389465]

Object: slippers
Position: [5.0, 4.5, 2.6179225655898994]
Rotation: [104.81684610902346, 75.97064504807685, 128.5730607692717]

Object: fuzzy_slippers
Position: [5.0, 4.5, 2.491992151590341]
Rotation: [124.43064190928476, 64.03396381455298, 5.377459102039552]

Object: pillow__black
Position: [5.0, 4.5, 2.2]
Rotation: [-5.039119811066826, -57.0325977461591, -21.429752166972662]

