Generation 14:
Object: fox_toy
Position: [5.511298366133304, 4.5, 2.2]
Rotation: [-2.51239205980346, 145.02260173693168, -26.630072670551158]

Object: slippers
Position: [5.92557257489543, 4.5, 3.1450109428930606]
Rotation: [-72.9389873150381, -73.76694352648943, 63.919816530623905]

Object: fuzzy_slippers
Position: [5.0, 4.5, 2.2]
Rotation: [65.70951193127615, 30.697907326749714, -166.80482739223683]

Object: pillow__black
Position: [5.0, 4.5, 2.2]
Rotation: [-9.717162879894943, 7.172944000055708, 55.295804707269326]

