Generation 11:
Object: fox_toy
Position: [5.343688061452153, 4.5, 2.2]
Rotation: [71.09779465735187, -0.21475505905277714, 86.72142484020094]

Object: pillow__black
Position: [5.0, 4.5, 2.805431248614884]
Rotation: [103.16101638968593, 103.2280424498955, 138.4148715947955]

Object: pillow(2)
Position: [5.555464032174969, 4.5, 2.230407796324293]
Rotation: [-170.59100093417473, -83.70940608944258, 80.12153985994263]

