Generation 2:
Object: fox_toy
Position: [5.0, 4.5, 2.394409507385655]
Rotation: [-155.0690397484656, 127.85714164817841, -171.02559953159098]

Object: pillow__black
Position: [5.111334287028582, 4.5, 2.391218110474094]
Rotation: [-110.79140327882789, -175.08806661560521, 147.17123326598755]

Object: pillow(2)
Position: [5.066740678327982, 4.5, 2.45463936156488]
Rotation: [-90.01247732112203, 174.2056175692935, 150.7624199248674]

