Generation 1:
Object: fox_toy
Position: [5.0, 4.5, 2.2]
Rotation: [-94.99646600400202, -109.12222537831968, 173.2050808710959]

Object: slippers
Position: [5.147844653351408, 4.5, 2.2]
Rotation: [-139.30642582779745, 178.577807663234, -138.58536873798764]

Object: fuzzy_slippers
Position: [5.0, 4.5, 2.2]
Rotation: [160.5455254118874, -137.2990659267828, 173.90746317351312]

Object: pillow__black
Position: [5.0, 4.5, 2.2]
Rotation: [-153.88763952111543, 178.2276065879796, 158.95355866067047]

