Generation 2:
Object: fox_toy
Position: [5.038698686787178, 4.5, 2.279769839554209]
Rotation: [-117.27763709481395, -88.67133562180817, -177.00859830160584]

Object: pillow__black
Position: [5.095647792697366, 4.5, 2.2714304846354145]
Rotation: [-148.47026515602997, 146.23509817322258, 154.791013820721]

Object: pillow(2)
Position: [5.273022792255406, 4.5, 2.254244873202786]
Rotation: [122.46814518199596, 137.42312453197292, -106.18187999927721]

