Generation 14:
Object: fox_toy
Position: [5.077050669132689, 4.5, 2.2]
Rotation: [-70.02255271741211, 147.02501911480738, 120.22390829988456]

Object: pillow__black
Position: [5.0, 4.5, 2.2]
Rotation: [150.57526901360905, -174.64789872309996, -153.57436311496303]

Object: pillow(2)
Position: [5.254808479321066, 4.5, 2.2]
Rotation: [-156.5011763811245, -70.34421414938156, -97.21103510870256]

