Generation 13:
Object: fox_toy
Position: [5.0, 4.5, 2.2]
Rotation: [1.878250936838299, -57.5569571120634, -168.02576728775517]

Object: pillow__black
Position: [5.0, 4.5, 2.2]
Rotation: [-64.07532179500438, 42.41179609263429, -60.491855894776975]

Object: pillow(2)
Position: [5.103317866614309, 4.5, 2.8014796270949014]
Rotation: [-22.67814021894725, -50.92352835475367, -39.31276256936775]

