Generation 20:
Object: fox_toy
Position: [5.124650000357295, 4.5, 2.2]
Rotation: [-140.7569476610541, 179.21511690518616, -3.0946212463045697]

Object: pillow__black
Position: [5.0, 4.5, 2.2228744548124593]
Rotation: [-30.147963131041138, -60.84837940403365, -36.563225894624225]

Object: pillow(2)
Position: [5.105897683217092, 4.5, 2.286230187544766]
Rotation: [68.80153283376563, -83.16455711579897, 96.88095616034877]

