Generation 13:
Object: fox_toy
Position: [5.6746795187067764, 4.5, 2.6289735864210946]
Rotation: [80.16508900436128, 167.98058692419357, -36.0327256513051]

Object: slippers
Position: [5.756843545281996, 4.5, 2.2]
Rotation: [-103.42066147130697, -49.17036635311001, -33.4333024261949]

Object: fuzzy_slippers
Position: [5.0, 4.5, 2.4283832696227377]
Rotation: [-109.4863629863894, -84.82985949508212, -52.98762921517934]

Object: pillow__black
Position: [5.0, 4.5, 2.2]
Rotation: [-131.16274789927397, 148.37041102649022, 95.37810865855619]

