Generation 15:
Object: fox_toy
Position: [5.0, 4.5, 2.2]
Rotation: [167.07878194052523, 34.3180447471147, -86.6124158400736]

Object: pillow__black
Position: [5.139484319672743, 4.5, 2.5129338619506547]
Rotation: [91.65160594235914, -106.76618214338396, 0.02450976824945883]

Object: pillow(2)
Position: [5.0, 4.5, 2.2]
Rotation: [153.28700860672166, 133.90413510357166, -44.87319242155817]

