Generation 16:
Object: fox_toy
Position: [5.0, 4.5, 2.373846633060901]
Rotation: [102.75735796450027, 94.38901893686563, 129.71619947649617]

Object: pillow__black
Position: [5.155983857857204, 4.5, 2.6326271063703723]
Rotation: [71.82608313113457, -147.16798167075171, 163.73750328991804]

Object: pillow(2)
Position: [5.094630621377988, 4.5, 2.4017656079969107]
Rotation: [25.000299022246622, -73.10173095064145, -125.39423891773123]

