Generation 15:
Object: fox_toy
Position: [5.0, 4.5, 2.388795886134127]
Rotation: [84.49943940459468, -177.07882992117905, -152.63369006671556]

Object: pillow__black
Position: [5.091189470744099, 4.5, 2.2]
Rotation: [166.90425584318928, -55.807381993507505, -168.5492249196455]

Object: pillow(2)
Position: [5.240723427599502, 4.5, 2.4581901073013546]
Rotation: [-50.30400364642571, 166.65993704610582, -34.41707698483697]

