Generation 19:
Object: fox_toy
Position: [5.0, 4.5, 2.4637560861298553]
Rotation: [173.65868270347602, -115.8314509914563, 39.34128036227952]

Object: pillow__black
Position: [5.304538020512856, 4.5, 2.2]
Rotation: [46.724906633096055, 93.72506741656207, -20.669839720583497]

Object: pillow(2)
Position: [5.0, 4.5, 2.2]
Rotation: [178.60318589576082, 33.338971229828985, -127.23575758584855]

