Generation 13:
Object: fox_toy
Position: [5.0, 4.5, 2.2]
Rotation: [-55.81392893283463, 12.907776368343349, 174.69631941205193]

Object: pillow__black
Position: [5.447638705709178, 4.5, 2.2]
Rotation: [-77.97144780260055, 95.3425897316231, -147.42379648423562]

Object: pillow(2)
Position: [5.060614353071503, 4.5, 2.2]
Rotation: [91.181025937823, 149.64286980642277, -89.1303642482154]

