Generation 1:
Object: fox_toy
Position: [5.013443601800586, 4.5, 2.2]
Rotation: [-171.84316275467404, -161.76392140110386, 171.53690216162033]

Object: pillow__black
Position: [5.0, 4.5, 2.2]
Rotation: [155.75476121579084, 172.80370771746618, 139.51112017376795]

Object: pillow(2)
Position: [5.057757656196069, 4.5, 2.2]
Rotation: [-136.53664142316202, 118.6584138733889, 112.86203804935042]

