Generation 4:
Object: fox_toy
Position: [5.0, 4.5, 2.491857460823506]
Rotation: [152.81863405620345, 105.18785583142835, -68.4048156627243]

Object: pillow__black
Position: [5.277723067690733, 4.5, 2.3920728635928605]
Rotation: [-135.50746373447876, -25.985658950254617, -138.64808826495715]

Object: pillow(2)
Position: [5.0, 4.5, 2.5245260663980535]
Rotation: [-74.73453731855476, 84.8813240731676, 99.81777588503178]

