Generation 8:
Object: fox_toy
Position: [5.0, 4.5, 2.6744507781001405]
Rotation: [88.1963838387008, -162.36485039309642, -149.6374438598845]

Object: pillow__black
Position: [5.0, 4.5, 2.2855295975303402]
Rotation: [-127.64352026080459, -51.762332427973064, -138.93634089953096]

Object: pillow(2)
Position: [5.0, 4.5, 2.316261947634326]
Rotation: [7.200985260810796, -103.92923526094184, 4.058290948314209]

