Generation 13:
Object: fox_toy
Position: [5.3383831228297485, 4.5, 2.546231549347907]
Rotation: [157.10093808446834, -99.49014755745321, 78.7360151167394]

Object: pillow__black
Position: [5.9198591763086075, 4.5, 2.2]
Rotation: [-25.89335886783624, -41.280636386532876, 4.476368611895737]

Object: pillow(2)
Position: [5.373885492111607, 4.5, 2.396636747424095]
Rotation: [-58.18703912040911, 96.45420655264968, 21.629795344992203]

