Generation 9:
Object: fox_toy
Position: [5.203297917479323, 4.5, 2.2]
Rotation: [-140.03150211353878, 67.4197523410279, -81.79051387219121]

Object: slippers
Position: [5.0, 4.5, 2.4832123213179242]
Rotation: [-104.90485995702862, 82.99144316129195, -21.94028783950739]

Object: fuzzy_slippers
Position: [5.293426426619815, 4.5, 2.305445707628113]
Rotation: [109.04454232806404, -75.4483261652638, -13.066895800073638]

Object: pillow__black
Position: [5.0005009955640505, 4.5, 3.026974000707531]
Rotation: [-75.10893627411262, -59.74811171355104, -168.555104638643]

