Generation 8:
Object: fox_toy
Position: [5.0, 4.5, 2.2]
Rotation: [-20.348734968735357, 165.265714971286, 71.52602272051053]

Object: pillow__black
Position: [5.0, 4.5, 2.2]
Rotation: [163.6259426445646, 159.03033690918136, -3.8512671373612193]

Object: pillow(2)
Position: [5.033925262028903, 4.5, 2.29149375074945]
Rotation: [-131.00827080190464, -177.04974263724898, -15.475280806317528]

