Generation 4:
Object: fox_toy
Position: [5.275626327516391, 4.5, 2.3602198454023515]
Rotation: [-163.434135853191, -136.85171730018098, -52.397166287955656]

Object: slippers
Position: [5.0, 4.5, 2.6029178179813384]
Rotation: [-116.47763736876524, -94.07884980678686, -86.71556849824333]

Object: fuzzy_slippers
Position: [5.0, 4.5, 2.2]
Rotation: [102.15476832125955, -91.58918512238616, -115.95525108260236]

Object: pillow__black
Position: [5.413084494382726, 4.5, 2.3321180259423175]
Rotation: [-116.69010480630999, -93.2911291234158, 143.8215893450672]

