Generation 8:
Object: fox_toy
Position: [5.136795810678758, 4.5, 2.5939656213125395]
Rotation: [-20.105166665605566, 110.23118054915261, 7.062987114840411]

Object: slippers
Position: [5.144920429633675, 4.5, 2.328576707613339]
Rotation: [-65.37110635950955, -1.5040098803887076, -122.43560722938551]

Object: fuzzy_slippers
Position: [5.26907619328868, 4.5, 2.2]
Rotation: [-170.38033819948237, 38.60916519350462, -152.70312195378904]

Object: pillow__black
Position: [5.265003294555692, 4.5, 2.295902180629393]
Rotation: [-11.407052395170126, -155.58895167495942, 144.5150081009681]

