Generation 1:
Object: fox_toy
Position: [5.1024027436062855, 4.5, 2.2]
Rotation: [128.3933649592111, 145.2048665948697, -146.17836899048802]

Object: pillow__black
Position: [5.0, 4.5, 2.2]
Rotation: [-158.000698199439, 111.70662186051788, 167.30517934127136]

Object: pillow(2)
Position: [5.0, 4.5, 2.249734646110081]
Rotation: [145.0095797847315, -145.57647450723974, -154.74117356665838]

