Generation 16:
Object: fox_toy
Position: [5.308016527544654, 4.5, 2.2704409201579745]
Rotation: [74.74827059911408, -140.415292203059, 72.22057628060477]

Object: pillow__black
Position: [5.0, 4.5, 2.2]
Rotation: [-79.4116288515597, -15.389275555973086, -121.55772048474455]

Object: pillow(2)
Position: [5.0, 4.5, 2.2043233644852545]
Rotation: [-165.43564306307474, -36.186023055084604, 150.03579320955964]

