Generation 20:
Object: fox_toy
Position: [5.0, 4.5, 2.2]
Rotation: [-32.85106551558533, -143.58443981523772, -145.58164307428405]

Object: pillow__black
Position: [5.0, 4.5, 2.2]
Rotation: [33.473446141563386, -56.62756546833259, 31.66216844673596]

Object: pillow(2)
Position: [5.161383359205169, 4.5, 2.9853098770836866]
Rotation: [-54.430949100338125, -75.8664222719041, 7.410630056356069]

