Generation 16:
Object: fox_toy
Position: [5.0, 4.5, 2.5583649744262624]
Rotation: [125.80654249070733, -169.83193371263278, -114.63939984203176]

Object: pillow__black
Position: [5.3558640480287245, 4.5, 2.9965766623879797]
Rotation: [36.089019490408475, -9.950485828976127, -13.731871990328045]

Object: pillow(2)
Position: [5.0, 4.5, 2.2]
Rotation: [48.40529326393448, 162.8260097492007, 133.78464657418317]

