Generation 18:
Object: fox_toy
Position: [6.0, 4.5, 2.7624711351149287]
Rotation: [91.09418837841542, 75.26521086924353, 126.55382018139824]

Object: pillow__black
Position: [5.0, 4.5, 2.677159249444599]
Rotation: [-160.77187974588784, 26.847291300175016, 115.51530830718264]

Object: pillow(2)
Position: [5.465980234782174, 4.5, 2.3836542196462243]
Rotation: [-85.11281153777729, 163.83793299115666, -77.48147169238442]

