Generation 14:
Object: fox_toy
Position: [5.0, 4.5, 2.2034930749994768]
Rotation: [-107.54834986965798, -75.00505591232785, -79.04551250164303]

Object: pillow__black
Position: [5.2763577396431875, 4.5, 2.2]
Rotation: [176.15856330189274, 137.66381257545055, 65.65693928452589]

Object: pillow(2)
Position: [5.0, 4.5, 2.280108419581835]
Rotation: [-140.7389492990219, 29.607207537768687, -170.04899870061067]

