Generation 18:
Object: fox_toy
Position: [5.120873809945768, 4.5, 2.2655770603763723]
Rotation: [93.86449160521624, 142.66082644994304, 62.78205151735085]

Object: pillow__black
Position: [5.0, 4.5, 2.2]
Rotation: [-80.09400062454765, 0.35775227940320065, -124.71740243524204]

Object: pillow(2)
Position: [5.024668718828782, 4.5, 2.2172132015186916]
Rotation: [-156.35544462291483, -15.611048307556501, 125.91970986658725]

