Generation 1:
Object: fox_toy
Position: [5.106201156131112, 4.5, 2.2]
Rotation: [-146.11236960162722, -110.485973047285, 162.5237471143231]

Object: pillow__black
Position: [5.020462062400415, 4.5, 2.2274441878482616]
Rotation: [119.38510728838992, 168.9241265878835, 122.61877754748662]

Object: pillow(2)
Position: [5.0, 4.5, 2.2]
Rotation: [125.65960123409053, 160.46361612420083, 155.25112165164404]

