Generation 10:
Object: fox_toy
Position: [5.308619717135285, 4.5, 2.2]
Rotation: [0.781129294191345, -86.1832617312756, -176.02723015603246]

Object: pillow__black
Position: [5.0, 4.5, 2.2856947687324154]
Rotation: [97.63530468634025, -176.83242796508057, -147.24527415834126]

Object: pillow(2)
Position: [5.0, 4.5, 2.2]
Rotation: [-41.3756403384844, -136.6614516059156, 149.6429893279501]

