Generation 7:
Object: fox_toy
Position: [5.242947488536612, 4.5, 2.6265687315605497]
Rotation: [133.0918120266245, -118.1216602420474, -1.750587505900171]

Object: slippers
Position: [5.0, 4.5, 2.4893205650906123]
Rotation: [-69.72327127960615, -84.17628155785401, -64.95957225041028]

Object: fuzzy_slippers
Position: [5.0, 4.5, 2.474217838939618]
Rotation: [69.1972687495005, -47.6749361407297, -157.238048385349]

Object: pillow__black
Position: [5.210319060331421, 4.5, 2.6874124146867655]
Rotation: [-97.36235054148477, -57.16194344000593, 177.94569196741315]

