Generation 5:
Object: fox_toy
Position: [5.0, 4.5, 2.2191079105498455]
Rotation: [-26.380040615975446, 153.5875556443367, 134.23826392312242]

Object: pillow__black
Position: [5.0, 4.5, 2.5825730329613177]
Rotation: [-23.23719924556127, -85.99095816377648, 130.25572176656652]

Object: pillow(2)
Position: [5.0, 4.5, 2.2006632140336166]
Rotation: [-100.25224524448333, 83.1284994367357, -57.65923540369266]

