Generation 3:
Object: fox_toy
Position: [5.354647666403273, 4.5, 2.2534478715925563]
Rotation: [-145.51244590278182, 166.64838299534176, 158.75190480791463]

Object: pillow__black
Position: [5.0, 4.5, 2.352885733777918]
Rotation: [106.5288003970868, -136.31620497446715, -167.33863026617675]

Object: pillow(2)
Position: [5.0, 4.5, 2.3742898657096005]
Rotation: [123.3801421360696, 179.60037830596224, 29.51880990363827]

