Generation 16:
Object: fox_toy
Position: [5.0, 4.5, 2.2]
Rotation: [17.254613512628737, -80.31121826528937, -145.61575740402003]

Object: pillow__black
Position: [5.0, 4.5, 2.2]
Rotation: [-94.5779882545485, -29.838220200668843, -21.290250696385982]

Object: pillow(2)
Position: [5.18220220690202, 4.5, 2.822926038897498]
Rotation: [-12.988163768420065, 31.360385441756847, -18.37574807474931]

