Generation 18:
Object: fox_toy
Position: [5.0, 4.5, 2.2737797176667622]
Rotation: [50.87010197549526, 175.96051314756937, 2.491394326467372]

Object: slippers
Position: [5.158086709559385, 4.5, 2.2]
Rotation: [101.93885840674164, -88.02037255846568, -167.10319172291503]

Object: fuzzy_slippers
Position: [5.395416238844294, 4.5, 2.2]
Rotation: [-124.15016642250956, -31.613412551947647, 128.40609048951717]

Object: pillow__black
Position: [5.223901809823871, 4.5, 2.2]
Rotation: [-51.841228008455175, -123.54871534277275, -171.2789094531109]

