Generation 16:
Object: fox_toy
Position: [5.0, 4.5, 2.2]
Rotation: [-10.53009485493601, -40.83172028588376, -24.25017699988223]

Object: slippers
Position: [5.476338692474867, 4.5, 2.2]
Rotation: [-156.34433585870295, 71.51688449670002, -47.283305950510254]

Object: fuzzy_slippers
Position: [5.018436624586524, 4.5, 2.2]
Rotation: [-25.053275769446486, -27.9092565531935, 102.27701790536747]

Object: pillow__black
Position: [5.269466929237956, 4.5, 2.512086231252967]
Rotation: [29.540565175174862, -17.068715738254696, 100.35453057043287]

