Generation 14:
Object: fox_toy
Position: [5.0, 4.5, 2.2]
Rotation: [-21.68292828844801, -94.79332212199249, 106.18377118464139]

Object: pillow__black
Position: [5.415457515996913, 4.5, 2.4914648043247567]
Rotation: [-75.7375413227458, -10.839314181304559, 84.59844185586547]

Object: pillow(2)
Position: [5.0, 4.5, 2.2]
Rotation: [120.23447205679923, 108.00206568316582, 36.75968445181502]

