Generation 9:
Object: fox_toy
Position: [5.0, 4.5, 2.2]
Rotation: [-4.718054404767315, -14.581069053066045, -163.26815337847808]

Object: pillow__black
Position: [5.26091574899744, 4.5, 2.2]
Rotation: [-48.752989445174165, 126.36973432469233, 0.2430231339239981]

Object: pillow(2)
Position: [5.0, 4.5, 2.3969806564135956]
Rotation: [134.3348079740004, 130.90452665760643, -25.51036472465219]

