Generation 6:
Object: fox_toy
Position: [5.0, 4.5, 2.2]
Rotation: [135.6174638886656, -119.63460758644669, -152.67931428461313]

Object: pillow__black
Position: [5.495730979182657, 4.5, 2.2]
Rotation: [-26.455949813032447, 43.806217504948904, -80.90582185535717]

Object: pillow(2)
Position: [5.0, 4.5, 2.2]
Rotation: [-170.6976382823671, 115.81753994497592, -135.36573962501035]

