Generation 12:
Object: fox_toy
Position: [5.358079633127706, 4.5, 2.2]
Rotation: [-146.82765776715013, 85.59199207306261, -128.27569049662782]

Object: slippers
Position: [5.0, 4.5, 2.851696994286991]
Rotation: [-92.66596839005071, -42.122623616687406, -34.64014888813375]

Object: fuzzy_slippers
Position: [5.176327968530389, 4.5, 2.5472494397214525]
Rotation: [97.09891359223042, -60.37653168695236, -55.23590071460161]

Object: pillow__black
Position: [5.0, 4.5, 3.2905529798602027]
Rotation: [-101.66731735955868, -29.597055449241992, 90.80450957321938]

