Generation 8:
Object: fox_toy
Position: [5.298831539182107, 4.5, 2.2]
Rotation: [28.14960522521983, 87.5403374824088, 2.2505820202003406]

Object: slippers
Position: [5.600016347738685, 4.5, 2.5663989579117676]
Rotation: [4.84022570117088, -40.833515420058546, 75.41054887736362]

Object: fuzzy_slippers
Position: [5.0, 4.5, 2.2]
Rotation: [103.90485993296011, 28.40830214472942, 124.35335145555962]

Object: pillow__black
Position: [5.0, 4.5, 2.2]
Rotation: [-81.38931048590788, 3.3414312572030838, 12.390913092133928]

