Generation 18:
Object: fox_toy
Position: [5.0, 4.5, 2.2]
Rotation: [32.46191513444688, -144.09611633111479, -125.0794343448224]

Object: pillow__black
Position: [5.0, 4.5, 2.2]
Rotation: [-45.85259506681919, 2.98210765018473, 23.53770891009134]

Object: pillow(2)
Position: [5.109620478429279, 4.5, 2.8693394741198253]
Rotation: [-0.8824549759551701, -67.82306803732627, -8.752905501013544]

