Generation 7:
Object: fox_toy
Position: [5.0, 4.5, 2.2]
Rotation: [43.74007528304804, 174.0352791267669, -167.33234748565454]

Object: slippers
Position: [5.0, 4.5, 2.2]
Rotation: [-169.3762703531353, -16.267976435011576, 122.01070332799321]

Object: fuzzy_slippers
Position: [5.060231667346248, 4.5, 2.4152963515893946]
Rotation: [-136.37739893043772, -63.61336819730268, 53.52574847492792]

Object: pillow__black
Position: [5.63963987681422, 4.5, 2.6127068997617893]
Rotation: [-152.26433653249558, 125.56844337860662, 178.46719575082744]

