Generation 4:
Object: fox_toy
Position: [5.0, 4.5, 2.2]
Rotation: [-65.9705638465823, -96.1788636508751, -118.66981621193365]

Object: pillow__black
Position: [5.112085213214601, 4.5, 2.2918591007158033]
Rotation: [-62.327893489590664, 108.73881206937511, 65.03105826849128]

Object: pillow(2)
Position: [5.0, 4.5, 2.2175446537154917]
Rotation: [122.54427451642454, -177.32593202041565, -168.9248440718339]

