Generation 1:
Object: fox_toy
Position: [5.0, 4.5, 2.2]
Rotation: [-165.55484716336517, -178.88059883590518, 179.91350793097564]

Object: slippers
Position: [5.006833342084502, 4.5, 2.2]
Rotation: [-159.2347033177104, 117.42829587535573, 176.09722067115547]

Object: fuzzy_slippers
Position: [5.0, 4.5, 2.219977010787488]
Rotation: [150.0387236575623, 171.97775719911613, 169.0928786130595]

Object: pillow__black
Position: [5.065372187046241, 4.5, 2.3833287771946385]
Rotation: [132.45523965848855, 101.36455434339274, 172.47891493822533]

