Generation 3:
Object: fox_toy
Position: [5.0, 4.5, 2.2578298594759207]
Rotation: [116.69046886237618, 83.91137082663784, 156.19313439437298]

Object: pillow__black
Position: [5.139043777103914, 4.5, 2.4344381627811447]
Rotation: [89.3046952229335, -91.26181798415006, 142.2094244048247]

Object: pillow(2)
Position: [5.001068417055447, 4.5, 2.3500264068698176]
Rotation: [-78.66524248194268, -94.78430909039089, -75.63156832881197]

