Generation 17:
Object: fox_toy
Position: [5.0, 4.5, 2.8089350512440356]
Rotation: [135.85790193409548, 175.74230134102385, -131.80864021141744]

Object: pillow__black
Position: [5.524260322092674, 4.5, 3.1140845434565474]
Rotation: [-1.3197863020548652, 29.557223350617278, -48.60284940567658]

Object: pillow(2)
Position: [5.100652051615324, 4.5, 2.2]
Rotation: [26.496838078314568, 124.11887783662195, 138.88626487081132]

