Generation 5:
Object: fox_toy
Position: [5.08714587610247, 4.5, 2.3128111125164335]
Rotation: [101.25383610663835, 82.88086120063446, -53.154993883026606]

Object: pillow__black
Position: [5.161609344567537, 4.5, 2.6977041872172967]
Rotation: [-8.960409254051001, 152.82430505682373, 176.2355899398509]

Object: pillow(2)
Position: [5.0, 4.5, 2.2]
Rotation: [-56.25665278286043, 54.36986304803713, 79.75094156068388]

