Generation 7:
Object: fox_toy
Position: [5.0, 4.5, 2.2]
Rotation: [141.39627867083578, -122.39734288592098, -82.09354630597437]

Object: pillow__black
Position: [5.160726244356816, 4.5, 2.2]
Rotation: [-161.60824305268642, 173.72844069393477, -73.96983825701496]

Object: pillow(2)
Position: [5.057736365166443, 4.5, 2.2]
Rotation: [130.57983971899387, 35.69598645246856, -126.5513576863911]

