Generation 18:
Object: fox_toy
Position: [5.0, 4.5, 2.2]
Rotation: [108.75162797980846, -31.810507779256767, -22.93745838450556]

Object: pillow__black
Position: [5.2884518348875895, 4.5, 2.4855647136088037]
Rotation: [70.43182269884491, -41.422218922251204, 152.47746275006898]

Object: pillow(2)
Position: [5.0, 4.5, 2.2703478907566974]
Rotation: [120.0943589938264, 39.70431562435988, 5.637345924059844]

