Generation 15:
Object: fox_toy
Position: [5.004567568259394, 4.5, 2.2]
Rotation: [-128.03092868981236, 151.20116682785903, 161.6202723045438]

Object: pillow__black
Position: [5.0, 4.5, 2.2]
Rotation: [163.58601808039793, -92.1608395543077, -81.0184016391458]

Object: pillow(2)
Position: [5.191035421755248, 4.5, 2.2]
Rotation: [-160.33328125642043, -75.00913041833938, -83.81218974708685]

