Generation 11:
Object: fox_toy
Position: [5.0, 4.5, 2.2]
Rotation: [59.55682635202692, 51.01750928882632, 132.18725075913846]

Object: slippers
Position: [5.0, 4.5, 2.2]
Rotation: [146.9009383165361, -33.16721104823432, 75.07251922406283]

Object: fuzzy_slippers
Position: [5.0, 4.5, 2.535444953232342]
Rotation: [-135.57535278267056, -102.879222138002, 67.5493734532107]

Object: pillow__black
Position: [5.565607988946896, 4.5, 2.415895553989915]
Rotation: [-13.842922882161048, -145.47494428936474, -136.38661199001672]

