Generation 14:
Object: fox_toy
Position: [5.325533014778198, 4.5, 2.4023785719131765]
Rotation: [29.109951343395323, 102.26585934360605, 69.67001949771091]

Object: slippers
Position: [5.253887093879241, 4.5, 2.2]
Rotation: [145.32167775849416, -131.77381613746127, -107.6472024625601]

Object: fuzzy_slippers
Position: [5.395124984938543, 4.5, 2.2]
Rotation: [-160.59942687070745, 57.09623156877291, 110.58645988014018]

Object: pillow__black
Position: [5.057431524706783, 4.5, 2.2]
Rotation: [-85.03991569695907, -171.3882580015507, -177.50041642812826]

