Generation 4:
Object: fox_toy
Position: [5.40228527354209, 4.5, 2.507664142577523]
Rotation: [106.25353389676138, 125.64049673837377, 88.9571389443438]

Object: slippers
Position: [5.389646882210825, 4.5, 2.2]
Rotation: [51.08851951681521, -169.69120902981805, -127.24156107502884]

Object: fuzzy_slippers
Position: [5.075373389348423, 4.5, 2.2616184071220116]
Rotation: [90.55855778552501, -107.28400744550181, -122.1224649167735]

Object: pillow__black
Position: [5.0, 4.5, 2.2]
Rotation: [154.34314072400394, -167.93893945736687, 110.3213242001566]

