Generation 10:
Object: fox_toy
Position: [5.0, 4.5, 2.21153880905165]
Rotation: [136.04189459044335, 9.90110636637462, 147.6063823639654]

Object: pillow__black
Position: [5.216955410291671, 4.5, 2.5761562108448386]
Rotation: [115.6858226672648, 63.79686690393831, 45.29544956230302]

Object: pillow(2)
Position: [5.198320707343449, 4.5, 2.2657902485239005]
Rotation: [-62.20714139550418, -144.39545495013905, -69.24958196822782]

