Generation 18:
Object: fox_toy
Position: [5.0, 4.5, 2.5918813936452767]
Rotation: [-165.88375271811336, 38.304792846149326, 175.1592030493174]

Object: pillow__black
Position: [5.788084519223631, 4.5, 3.307884756540667]
Rotation: [-46.99474147402057, 129.35338840792224, -91.62591640071253]

Object: pillow(2)
Position: [5.0, 4.5, 2.4750920778700185]
Rotation: [-105.3210754704995, -33.11727545889545, 128.1637627093245]

