Generation 1:
Object: fox_toy
Position: [5.016167173349703, 4.5, 2.2585278749347353]
Rotation: [-155.5957525512723, -171.08545621936815, 174.0773925953717]

Object: pillow__black
Position: [5.0, 4.5, 2.2]
Rotation: [179.3892464741972, 159.51912314546234, -135.43865614730788]

Object: pillow(2)
Position: [5.009120955992763, 4.5, 2.241490984324673]
Rotation: [-153.4548343858571, -159.17564578040358, -148.10407438004808]

