Generation 16:
Object: fox_toy
Position: [5.107798217371717, 4.5, 2.3088517047497987]
Rotation: [-64.54697077706831, 122.02066316137848, 29.76363618613655]

Object: slippers
Position: [5.2692408306870275, 4.5, 2.2]
Rotation: [89.98125958416637, -94.82039518668546, -98.56519462899342]

Object: fuzzy_slippers
Position: [5.355863483720319, 4.5, 2.2]
Rotation: [175.7215131022581, 6.617400786030544, 131.14288717683752]

Object: pillow__black
Position: [5.144244733907344, 4.5, 2.2]
Rotation: [-95.75542085759837, -164.4916063054562, 135.7451923094327]

