Generation 1:
Object: fox_toy
Position: [5.0, 4.5, 2.2]
Rotation: [165.26408691383966, -154.5261587684884, -144.06613852513718]

Object: slippers
Position: [5.0, 4.5, 2.374684475254168]
Rotation: [161.59130717451234, -174.92781699672827, 154.06156648747128]

Object: fuzzy_slippers
Position: [5.127404531522756, 4.5, 2.2]
Rotation: [150.20049029126187, 118.29092274958316, -147.05492765800096]

Object: pillow__black
Position: [5.0, 4.5, 2.283081967966896]
Rotation: [-157.32098344792814, -164.36292685243086, 174.13001072456086]

