Generation 2:
Object: fox_toy
Position: [5.0, 4.5, 2.450456129060979]
Rotation: [-99.24377691014286, -131.1143043265378, 151.8308193306707]

Object: pillow__black
Position: [5.0, 4.5, 2.4804722644218966]
Rotation: [-127.69847018796037, -95.91906112821012, -112.77430602102707]

Object: pillow(2)
Position: [5.0, 4.5, 2.2]
Rotation: [-120.59047027411283, -155.08253898206073, 177.3235286207332]

