Generation 1:
Object: fox_toy
Position: [5.0, 4.5, 2.3339983652765106]
Rotation: [179.27155275456266, -172.07552121449103, -173.63543277677468]

Object: pillow__black
Position: [5.0, 4.5, 2.2]
Rotation: [-158.87206267037436, -162.02451014583923, -170.57191274810538]

Object: pillow(2)
Position: [5.015675455075579, 4.5, 2.2]
Rotation: [170.19522973766652, 148.50310942261734, -143.70169406994918]

