Generation 10:
Object: fox_toy
Position: [5.78135540995121, 4.5, 2.6170566661579575]
Rotation: [143.6994501525689, -5.906517838917949, 177.4669931254]

Object: pillow__black
Position: [5.0, 4.5, 2.3807299263469193]
Rotation: [165.93365863168208, 95.42050686210979, 167.64092209924706]

Object: pillow(2)
Position: [5.713874446910226, 4.5, 2.585934993760673]
Rotation: [169.59196919999806, -151.2554002642019, 3.7636274481106966]

