Generation 5:
Object: fox_toy
Position: [5.443593644877623, 4.5, 2.736360642498841]
Rotation: [-167.53569289695272, 163.65733429759007, 80.3849680868588]

Object: pillow__black
Position: [5.279105628428699, 4.5, 2.695221817743627]
Rotation: [-47.53683193375795, 95.11058956007537, 145.41582074981977]

Object: pillow(2)
Position: [5.509609755472336, 4.5, 2.348241875062979]
Rotation: [-114.8989460007926, -169.92191621458662, -122.81333470791424]

