Generation 11:
Object: fox_toy
Position: [5.408292221553534, 4.5, 2.6412781599095676]
Rotation: [124.60371650706395, -75.13277364401563, 53.2287237631902]

Object: pillow__black
Position: [5.843162548016879, 4.5, 2.2]
Rotation: [-140.13166585108516, -14.597696769107671, 75.78903472734817]

Object: pillow(2)
Position: [5.1704573063274015, 4.5, 2.5641889584569637]
Rotation: [-57.6444737471667, 118.60360365430745, 102.82265458913997]

