Generation 5:
Object: fox_toy
Position: [5.059461330470381, 4.5, 2.2]
Rotation: [-81.03518584326892, 20.858407855202927, -136.378112691196]

Object: pillow__black
Position: [5.077183027168999, 4.5, 2.2036028474652736]
Rotation: [-95.05156901953585, 168.6528017129409, 39.48947812372285]

Object: pillow(2)
Position: [5.0, 4.5, 2.2]
Rotation: [119.86891299047278, -78.5727158492621, -104.70739436788763]

