Generation 19:
Object: fox_toy
Position: [5.918983656251552, 4.5, 2.2]
Rotation: [-10.839623097515528, 139.93089087725946, -49.17227875762393]

Object: slippers
Position: [5.0, 4.5, 3.0427641666953513]
Rotation: [-70.28480707323044, -14.206930036691745, -116.91586650594014]

Object: fuzzy_slippers
Position: [5.0, 4.5, 2.2]
Rotation: [-37.329206824786525, -128.37862495945774, 114.32688573291733]

Object: pillow__black
Position: [5.235745156439273, 4.5, 3.096620297195408]
Rotation: [9.675942292753888, -118.877916662128, -115.19605965338143]

