Generation 6:
Object: fox_toy
Position: [5.154268961810088, 4.5, 2.3561409798777166]
Rotation: [-52.65119984843716, 57.11572694987814, 25.942286832319837]

Object: slippers
Position: [5.293517250810282, 4.5, 2.2]
Rotation: [-94.70909914890275, 42.07119337479969, -145.2380333024094]

Object: fuzzy_slippers
Position: [5.212504355904786, 4.5, 2.2]
Rotation: [103.2551035115502, 26.45018077764803, -155.6365915585473]

Object: pillow__black
Position: [5.26262555099109, 4.5, 2.506893584251633]
Rotation: [169.79185401500882, -155.0651409514107, 70.69913193498036]

