Generation 3:
Object: fox_toy
Position: [5.0, 4.5, 2.4750243982796705]
Rotation: [158.66548355051123, -79.10534450901517, 174.89410329493347]

Object: pillow__black
Position: [5.000206321427127, 4.5, 2.2]
Rotation: [170.47333280291144, 152.43773691000877, 144.42929178052322]

Object: pillow(2)
Position: [5.0470072296348025, 4.5, 2.2]
Rotation: [119.78753803481453, -93.76449010751782, 73.64621701535049]

