Generation 9:
Object: fox_toy
Position: [5.0, 4.5, 2.2]
Rotation: [-39.11326709543039, 114.71353068480244, 133.65693520800642]

Object: slippers
Position: [5.0, 4.5, 2.2]
Rotation: [-150.35219352061293, 19.738509353058248, 175.94871161459832]

Object: fuzzy_slippers
Position: [5.0, 4.5, 2.397024890426572]
Rotation: [-141.291018265474, -83.60444744956247, 21.387416870963477]

Object: pillow__black
Position: [5.531549720923072, 4.5, 2.4971554598250982]
Rotation: [-58.6606410994127, 175.54200454947295, -114.18872718986108]

