Generation 5:
Object: fox_toy
Position: [5.1968714548538335, 4.5, 2.4746364120698168]
Rotation: [115.26440574312193, 140.25199359464727, -54.42743756021295]

Object: pillow__black
Position: [5.264412942464525, 4.5, 2.8108457512632623]
Rotation: [-18.5248432264936, -68.71721558107194, 173.47012552576876]

Object: pillow(2)
Position: [5.0, 4.5, 2.546163253772957]
Rotation: [-105.60082956861844, 50.47384864736239, 80.51067337456698]

