Generation 9:
Object: fox_toy
Position: [5.0, 4.5, 2.2]
Rotation: [33.005136671427636, -29.985038808882223, -153.28063712439462]

Object: pillow__black
Position: [5.0, 4.5, 2.2]
Rotation: [-132.38612013770378, 94.15599086736904, -60.16275221453971]

Object: pillow(2)
Position: [5.0, 4.5, 2.7327383957348306]
Rotation: [122.82360220086707, 9.537000151574091, -148.8818798850113]

