Generation 18:
Object: fox_toy
Position: [5.0, 4.5, 2.6583484469368237]
Rotation: [102.13267715378788, -154.47534505654576, -175.47469816583154]

Object: pillow__black
Position: [5.444586688965849, 4.5, 2.238135114718844]
Rotation: [130.16963548584386, -8.521785417645958, -80.2725596455532]

Object: pillow(2)
Position: [5.02421791528942, 4.5, 2.71986357837568]
Rotation: [-37.23173887007624, 108.11662962657749, -24.371060602205716]

