Generation 5:
Object: fox_toy
Position: [5.0, 4.5, 2.2]
Rotation: [-132.66955374962274, -74.95563641629029, -108.90153625145945]

Object: pillow__black
Position: [5.3728634267345, 4.5, 2.2]
Rotation: [46.65763324506963, 105.99917105755094, -84.66128454567546]

Object: pillow(2)
Position: [5.0, 4.5, 2.2]
Rotation: [-129.30841715986702, -89.36034035553175, 162.7967192213788]

