Generation 5:
Object: fox_toy
Position: [5.467970104678853, 4.5, 2.2]
Rotation: [93.92235804799276, 56.05651825848338, -144.3939927889906]

Object: pillow__black
Position: [5.0, 4.5, 2.517276692936352]
Rotation: [-79.8151507702799, 143.83522370575685, -82.04723118051199]

Object: pillow(2)
Position: [5.046499642365328, 4.5, 2.3553834933257827]
Rotation: [145.3987561451553, -138.8937472433929, 83.21120827063169]

