Generation 4:
Object: fox_toy
Position: [5.0, 4.5, 2.2]
Rotation: [-22.422456632097294, -178.92364732267515, -154.48924081987505]

Object: pillow__black
Position: [5.0, 4.5, 2.725046138379504]
Rotation: [-100.35108028974594, -111.76044721054811, 113.27011870044021]

Object: pillow(2)
Position: [5.0, 4.5, 2.2886957879925083]
Rotation: [-95.0330172302801, 156.26615912285615, -173.84221066502693]

