Generation 10:
Object: fox_toy
Position: [5.73689178904917, 4.5, 2.555497530205521]
Rotation: [100.28367819930912, 156.45493937405524, -65.82204660973946]

Object: slippers
Position: [5.748798254547351, 4.5, 2.2]
Rotation: [-32.664783400038516, 2.981034158129887, -18.59088832092533]

Object: fuzzy_slippers
Position: [5.0, 4.5, 2.3934879431641236]
Rotation: [-41.51663639651929, -75.72338583754097, -156.13192643156114]

Object: pillow__black
Position: [5.0, 4.5, 2.2]
Rotation: [176.90644378812237, 157.4868784291034, 117.0209051044281]

