Generation 11:
Object: fox_toy
Position: [5.073730127295936, 4.5, 2.4701830468368122]
Rotation: [-159.0865762061926, 83.64150714699389, 161.42109609371425]

Object: pillow__black
Position: [5.479742885619115, 4.5, 2.975626738850446]
Rotation: [-70.06555374297693, -169.15372982320966, -65.42673389607437]

Object: pillow(2)
Position: [5.0, 4.5, 2.6856679046175036]
Rotation: [-47.55442216787344, 72.87023911957874, 93.25980173581456]

