Generation 7:
Object: fox_toy
Position: [5.046557173533329, 4.5, 2.6437195470601678]
Rotation: [78.99278386828212, 175.23739733683715, -172.75349036108773]

Object: pillow__black
Position: [5.0, 4.5, 2.3522446512490003]
Rotation: [122.7808070536247, -83.72606865462394, 140.02090986062922]

Object: pillow(2)
Position: [5.053465222304455, 4.5, 2.2]
Rotation: [40.1562300091818, -173.67207787810153, -2.0057850827761285]

