Generation 12:
Object: fox_toy
Position: [5.038145238388708, 4.5, 2.2]
Rotation: [119.0862913981743, -138.55442713787664, -40.80620199148845]

Object: pillow__black
Position: [5.0, 4.5, 2.49437609307002]
Rotation: [66.33625657100293, -81.84333748110897, 16.721245875174645]

Object: pillow(2)
Position: [5.091756799263076, 4.5, 2.35356746410074]
Rotation: [32.707468083327285, -2.1899358637380146, 149.89051594112254]

