Generation 6:
Object: fox_toy
Position: [5.0, 4.5, 2.616845488370513]
Rotation: [125.37893294846242, -163.9994799227966, -155.7653029437471]

Object: pillow__black
Position: [5.0951136662367285, 4.5, 2.2]
Rotation: [117.60999692149574, -136.12897667418963, 136.61851063204097]

Object: pillow(2)
Position: [5.2199011912607745, 4.5, 2.2]
Rotation: [33.396596795832124, -72.95377769274076, -4.041773631912065]

