Generation 16:
Object: fox_toy
Position: [5.191714150757783, 4.5, 2.2]
Rotation: [-25.021855980091942, -9.15090775031473, 100.48593159927572]

Object: pillow__black
Position: [5.0, 4.5, 2.7453856269719057]
Rotation: [64.90243230614789, 115.45658729475485, 35.90833105524922]

Object: pillow(2)
Position: [5.0, 4.5, 2.9588532744625966]
Rotation: [-37.850688857034356, 109.34023119585288, -11.440558400834504]

