Generation 14:
Object: fox_toy
Position: [5.0, 4.5, 2.886006812795048]
Rotation: [-38.57888651319905, 34.55264471028107, -38.350072753635914]

Object: pillow__black
Position: [5.675237594570367, 4.5, 2.7969465884157483]
Rotation: [49.909329906601954, 165.28436046447496, 116.37964737923028]

Object: pillow(2)
Position: [5.0, 4.5, 2.2]
Rotation: [-25.292135601328198, 157.42127764306986, -18.268543410905977]

