Generation 13:
Object: fox_toy
Position: [5.159946597583013, 4.5, 2.2]
Rotation: [11.193816026888157, -127.4527820780224, 54.49122046377204]

Object: pillow__black
Position: [5.0, 4.5, 2.425039771033503]
Rotation: [110.95177845443095, 68.48633985133435, 69.21755469944605]

Object: pillow(2)
Position: [5.0, 4.5, 2.8007486528373153]
Rotation: [6.612242583107957, 152.13934611522768, 5.227733716256182]

