Generation 14:
Object: fox_toy
Position: [5.0, 4.5, 2.222087451571814]
Rotation: [17.45851442727053, -51.09943949496653, 90.721556115758]

Object: slippers
Position: [5.0, 4.5, 3.277641083858502]
Rotation: [96.32941889201629, 99.5072859227979, -94.93119565228127]

Object: fuzzy_slippers
Position: [5.0, 4.5, 2.2]
Rotation: [94.2143175653938, 148.36423520017485, -42.332650704832815]

Object: pillow__black
Position: [5.0, 4.5, 2.2482639410122838]
Rotation: [-138.14702161218082, 111.10659815958451, 15.355736767143242]

