Generation 7:
Object: fox_toy
Position: [5.133288798803795, 4.5, 2.47127762686002]
Rotation: [-73.61398555523972, 122.32917569839606, 11.262812567532023]

Object: slippers
Position: [5.28342030197975, 4.5, 2.402708111040721]
Rotation: [-94.80046639071986, 20.70478561138293, 173.31348322009143]

Object: fuzzy_slippers
Position: [5.345226353098865, 4.5, 2.2]
Rotation: [97.7511708527469, 81.20050756009869, -177.243472796001]

Object: pillow__black
Position: [5.229319728635861, 4.5, 2.3997828526168967]
Rotation: [-117.01355394880204, 172.72041450760082, 151.235315951678]

