Generation 18:
Object: fox_toy
Position: [5.487963190456875, 4.5, 2.2]
Rotation: [-1.181227822162782, 163.42094812136338, -86.94514216184479]

Object: slippers
Position: [6.0, 4.5, 3.2789410337463654]
Rotation: [-113.00129454594054, -44.741199640674125, 74.51874639816373]

Object: fuzzy_slippers
Position: [5.0, 4.5, 2.2]
Rotation: [-44.93341114220317, -32.45095688013396, -142.34657480023105]

Object: pillow__black
Position: [5.0, 4.5, 2.2]
Rotation: [-40.90796507406233, 13.682127946507535, 58.691271912764364]

