Generation 1:
Object: fox_toy
Position: [5.040452505024199, 4.5, 2.2]
Rotation: [149.02947846272275, 166.64962951297082, -161.9954706851346]

Object: pillow__black
Position: [5.057825446698522, 4.5, 2.2]
Rotation: [-126.70723972859865, 154.52815678958058, -158.2454605529164]

Object: pillow(2)
Position: [5.056191328996251, 4.5, 2.2931256624337912]
Rotation: [114.37274755014522, -150.74456109903326, 165.3475627803059]

