Generation 12:
Object: fox_toy
Position: [5.0, 4.5, 2.26160517399542]
Rotation: [-18.10765710375142, -90.00358631040147, 105.10167958543047]

Object: slippers
Position: [5.0, 4.5, 2.766729686298942]
Rotation: [80.05279745058795, 104.69437016149567, -89.35700501008799]

Object: fuzzy_slippers
Position: [5.0, 4.5, 2.2]
Rotation: [111.8120059071797, 120.999080376179, -103.84470616124213]

Object: pillow__black
Position: [5.0, 4.5, 2.218384387887976]
Rotation: [-118.46073293504486, 69.33855367702435, 81.59950682824893]

