Generation 18:
Object: fox_toy
Position: [6.0, 4.5, 2.8586316938677707]
Rotation: [162.47474897071095, 73.35540262913469, -150.58174516134164]

Object: slippers
Position: [5.925273678810708, 4.5, 2.213628781508752]
Rotation: [92.0157577350783, -173.09677911925633, 27.69787500349281]

Object: fuzzy_slippers
Position: [5.0, 4.5, 2.2]
Rotation: [-156.03960874482414, -71.6406139653746, -104.52996227127336]

Object: pillow__black
Position: [5.0, 4.5, 2.2]
Rotation: [-94.30964309183977, 162.42468885010146, 121.54394441612055]

