Generation 18:
Object: fox_toy
Position: [5.0, 4.5, 2.637227761899508]
Rotation: [126.95485150701484, 14.286403269311734, 117.3199084475765]

Object: pillow__black
Position: [5.144834210853897, 4.5, 2.7083880064527723]
Rotation: [128.95057090792648, -106.50893465188778, 100.12398857471288]

Object: pillow(2)
Position: [5.333481444389625, 4.5, 2.4539043520230415]
Rotation: [-81.4708088040891, -150.40077248477644, -153.76982468947904]

