Generation 14:
Object: fox_toy
Position: [5.0793258292254695, 4.5, 2.322358332771384]
Rotation: [114.77203954642465, -175.23320129490037, -155.907237839086]

Object: pillow__black
Position: [5.1853652665864125, 4.5, 2.931606479844601]
Rotation: [167.35459429658442, 65.34419852679446, 3.4082920923939355]

Object: pillow(2)
Position: [5.0, 4.5, 2.2]
Rotation: [109.21328974334631, 100.13090056898648, -173.58828282867958]

