Generation 13:
Object: fox_toy
Position: [5.0, 4.5, 2.2]
Rotation: [48.7991585840806, 25.45873730712094, 17.670141239562696]

Object: slippers
Position: [5.618222220711676, 4.5, 2.2]
Rotation: [153.12178209696856, 151.28774338905401, 64.83119887813962]

Object: fuzzy_slippers
Position: [5.032824089639024, 4.5, 2.2]
Rotation: [-122.69638855818837, -58.2059753864023, 88.8621819829894]

Object: pillow__black
Position: [5.0, 4.5, 2.5216961053172904]
Rotation: [-22.15782699133959, -34.21770629879296, 163.3192956820822]

