Generation 20:
Object: fox_toy
Position: [5.0, 4.5, 2.2]
Rotation: [157.58215650044724, -12.155762744724512, -154.25503736018095]

Object: pillow__black
Position: [5.0, 4.5, 2.3440833002098462]
Rotation: [112.50562875503692, -133.56348587051968, -53.294705351049444]

Object: pillow(2)
Position: [5.0, 4.5, 2.2]
Rotation: [149.56218273888317, -173.95297529168758, 51.03837657674461]

