Generation 15:
Object: fox_toy
Position: [5.171788171000167, 4.5, 2.2]
Rotation: [-168.8019961383321, 179.79070454079766, -5.830067272298976]

Object: pillow__black
Position: [5.0, 4.5, 2.3082996783438294]
Rotation: [-34.2542762529161, -45.91541178070878, 46.63159898290394]

Object: pillow(2)
Position: [5.016441676370933, 4.5, 2.414226138540553]
Rotation: [35.056299258883314, -37.88776139068307, 156.47093328882937]

