Generation 11:
Object: fox_toy
Position: [5.0, 4.5, 2.2]
Rotation: [-37.95348467720851, -46.12009415669411, 33.1768459023524]

Object: slippers
Position: [5.0, 4.5, 3.02580744562926]
Rotation: [108.65860993358876, 75.34426492299781, -98.28769823791096]

Object: fuzzy_slippers
Position: [5.0, 4.5, 2.274831032269636]
Rotation: [113.04626159928455, 97.40386819550525, -93.90816623050529]

Object: pillow__black
Position: [5.0, 4.5, 2.2970027994679376]
Rotation: [-65.61423454313797, 41.79187869264376, 37.19795963300908]

