Generation 19:
Object: fox_toy
Position: [5.224774262553684, 4.5, 2.2]
Rotation: [163.93720125883158, 27.29562426920228, 155.5724987169882]

Object: pillow__black
Position: [5.289219617350992, 4.5, 3.0123246902907814]
Rotation: [-171.61751372337622, -41.332111479411424, -52.277804788861204]

Object: pillow(2)
Position: [5.0, 4.5, 2.2]
Rotation: [167.60564598221237, -12.063784791425746, -164.60835681628842]

