Generation 6:
Object: fox_toy
Position: [5.18761356914023, 4.5, 2.2]
Rotation: [87.00822795750588, -142.55926213677668, -126.16062689662748]

Object: pillow__black
Position: [5.0, 4.5, 2.2386915795866384]
Rotation: [-149.65525458800852, -130.95566584476825, 122.62240493429499]

Object: pillow(2)
Position: [5.137835267567287, 4.5, 2.4992771268276686]
Rotation: [66.24483602126418, 52.26468439264045, 154.88240144722937]

