Generation 12:
Object: fox_toy
Position: [5.648975705184057, 4.5, 2.220360892067118]
Rotation: [-1.3353857619355267, -102.10046544775241, -104.62539788652909]

Object: pillow__black
Position: [5.0, 4.5, 2.464607732363498]
Rotation: [-10.8249979602424, 108.46326456300369, -49.176249079617804]

Object: pillow(2)
Position: [5.519385439097793, 4.5, 2.2739081797155087]
Rotation: [157.05508305624323, -124.83390184733648, 108.88379427101995]

