Generation 10:
Object: fox_toy
Position: [5.0, 4.5, 2.2]
Rotation: [14.591365355553307, 128.80040286894746, 147.29192638493168]

Object: slippers
Position: [5.0, 4.5, 2.2]
Rotation: [152.2526204742552, -24.415330217461587, 112.25871531139416]

Object: fuzzy_slippers
Position: [5.0, 4.5, 2.393531184278326]
Rotation: [-90.93600117980411, -114.2004328594031, -43.70129699787799]

Object: pillow__black
Position: [5.508895524582534, 4.5, 2.46876138642454]
Rotation: [-80.50949198885363, 149.66077883520757, 169.91267680070627]

