Generation 4:
Object: fox_toy
Position: [5.458949180060697, 4.5, 2.2]
Rotation: [-109.79838944395262, -123.10585923515325, 142.6067815793653]

Object: pillow__black
Position: [5.0, 4.5, 2.441241513917814]
Rotation: [144.21775348626647, -172.96435306348226, 162.24456111553081]

Object: pillow(2)
Position: [5.023549188450343, 4.5, 2.5655303224277732]
Rotation: [-165.72657946884559, -112.75068511047101, 147.56280486523724]

