Generation 5:
Object: fox_toy
Position: [5.0, 4.5, 2.2]
Rotation: [117.04736532271102, 35.831490886639585, 123.81264642757083]

Object: pillow__black
Position: [5.264207693632843, 4.5, 2.4763134192448093]
Rotation: [30.53910965180785, -45.09675827086491, 93.83153550841303]

Object: pillow(2)
Position: [5.265001580126432, 4.5, 2.3740645055857925]
Rotation: [-54.153623081619614, -82.8718160629553, -138.82091615110755]

