Generation 10:
Object: fox_toy
Position: [5.0, 4.5, 2.2]
Rotation: [21.72675670349446, -17.661126470219102, -175.55758224580785]

Object: pillow__black
Position: [5.203063188181405, 4.5, 2.2]
Rotation: [-32.18938040960157, 30.887386097883223, -22.341371859864353]

Object: pillow(2)
Position: [5.0, 4.5, 2.462471010009335]
Rotation: [64.9439796422455, 118.56188986910126, 19.400875251464754]

