Generation 7:
Object: fox_toy
Position: [5.009681112011848, 4.5, 2.2]
Rotation: [-7.287447331881538, 112.89731215410234, 96.55889810040009]

Object: pillow__black
Position: [5.0, 4.5, 2.854032971386038]
Rotation: [-76.90542926425456, -123.58248346424152, 80.95825557138642]

Object: pillow(2)
Position: [5.0, 4.5, 2.2]
Rotation: [-33.242500863264496, 145.5425876784622, -107.0411864740649]

