Generation 15:
Object: fox_toy
Position: [5.0, 4.5, 2.3235349687854767]
Rotation: [-178.29062004961034, -3.518005946825383, -52.8172120167215]

Object: pillow__black
Position: [5.367833661541428, 4.5, 2.2]
Rotation: [169.87711804499588, 98.52795338179942, 69.52124104427975]

Object: pillow(2)
Position: [5.0, 4.5, 2.2]
Rotation: [-126.9928377884425, 125.70934607500749, -126.71346611222273]

