Generation 1:
Object: fox_toy
Position: [5.0, 4.5, 2.2]
Rotation: [-107.96027758328782, -167.6270056939691, 168.12133495066547]

Object: pillow__black
Position: [5.0, 4.5, 2.3296068856045555]
Rotation: [144.36210674792846, -136.84016442958307, 173.00858778759994]

Object: pillow(2)
Position: [5.0, 4.5, 2.2]
Rotation: [119.04824892456725, -178.33919760677122, 156.23224122514387]

