Generation 20:
Object: fox_toy
Position: [5.37625609553405, 4.5, 2.4783166135432224]
Rotation: [17.040074272130965, 95.44994122080965, 39.74596477370676]

Object: pillow__black
Position: [5.0, 4.5, 2.2620031026854823]
Rotation: [-23.718606045562694, -55.32676071807413, -97.57612663337517]

Object: pillow(2)
Position: [5.182170928429305, 4.5, 2.3905868993767343]
Rotation: [-162.42123027329166, -36.38368874566095, 37.736342992313894]

