Generation 4:
Object: fox_toy
Position: [5.0, 4.5, 2.2]
Rotation: [69.87830747561458, 110.2903365658521, 177.67367556009822]

Object: pillow__black
Position: [5.325935596790284, 4.5, 2.4847345713745628]
Rotation: [-59.936895576648055, 144.05046663743343, 112.31998307320214]

Object: pillow(2)
Position: [5.0, 4.5, 2.2]
Rotation: [89.6832630819614, 100.63730852801251, -132.14139106981844]

