Generation 13:
Object: fox_toy
Position: [5.919584602985253, 4.5, 2.7797070961195205]
Rotation: [117.10282197313302, 62.057294928579836, 134.2771150975076]

Object: pillow__black
Position: [5.0, 4.5, 2.5333122763637133]
Rotation: [-151.6877989336327, 43.625876139371826, 157.04421557483522]

Object: pillow(2)
Position: [5.519252706090795, 4.5, 2.2277810422679836]
Rotation: [-118.13022136080436, 172.43257232932967, 11.41989035646003]

