Generation 10:
Object: fox_toy
Position: [5.092069481674664, 4.5, 2.2]
Rotation: [138.13272701484897, -163.1311347014652, -86.61812394577571]

Object: pillow__black
Position: [5.0, 4.5, 2.4323069768427787]
Rotation: [142.49047477496703, -15.415544099359522, 43.386049979132736]

Object: pillow(2)
Position: [5.120473546720104, 4.5, 2.552486565046823]
Rotation: [29.827570264284986, 58.69856680165071, -176.86244901520072]

