Generation 19:
Object: fox_toy
Position: [6.0, 4.5, 2.837816395805101]
Rotation: [127.6597751303351, 90.28321538141773, 118.62496386890837]

Object: pillow__black
Position: [5.0, 4.5, 2.781381647495546]
Rotation: [-71.54954313327256, -46.17744647916834, 136.905039571482]

Object: pillow(2)
Position: [5.5959960154791055, 4.5, 2.5071938833914404]
Rotation: [-66.1023329143657, 132.4083804175217, -17.0597809897736]

