Generation 6:
Object: fox_toy
Position: [5.0, 4.5, 2.2]
Rotation: [-57.176547662764506, 149.79166225516224, 172.45498306079514]

Object: pillow__black
Position: [5.0, 4.5, 2.837875875158222]
Rotation: [-33.512708161741074, -116.09565364576594, 61.08488977485854]

Object: pillow(2)
Position: [5.0, 4.5, 2.2]
Rotation: [-76.52335126253702, 150.83305695787158, 168.68291522951438]

