Generation 11:
Object: fox_toy
Position: [5.658807632929731, 4.5, 2.3336912453470355]
Rotation: [87.35679122363035, -67.14731754646857, -115.51087217703935]

Object: pillow__black
Position: [5.0, 4.5, 2.525140646083225]
Rotation: [-116.11494791486761, 90.6453835303904, -78.80546420798836]

Object: pillow(2)
Position: [5.352728483123772, 4.5, 2.470477588252699]
Rotation: [96.48112806034288, 164.32061837574173, 43.94464928330433]

