Generation 6:
Object: fox_toy
Position: [5.383767871014414, 4.5, 2.582656465061584]
Rotation: [156.52909970384792, -99.8021572042701, -78.62419456509049]

Object: slippers
Position: [5.0, 4.5, 2.5555718793312967]
Rotation: [-138.13632618937842, -78.414810406565, -74.0891586207017]

Object: fuzzy_slippers
Position: [5.0, 4.5, 2.6178972103695006]
Rotation: [100.50382085897638, 26.779459934454167, 123.45975086238491]

Object: pillow__black
Position: [5.368100012926021, 4.5, 2.52232157481595]
Rotation: [-74.60284319974221, -100.54958215777103, -99.37282485580751]

