Generation 15:
Object: fox_toy
Position: [5.225368160004542, 4.5, 2.2]
Rotation: [53.28968323844583, -10.329079699289224, 117.62380519740788]

Object: pillow__black
Position: [5.0, 4.5, 2.5680314601159777]
Rotation: [66.60844855571054, 8.42882682256294, 43.30820369057284]

Object: pillow(2)
Position: [5.0, 4.5, 2.979950166935881]
Rotation: [-131.65773437677586, 163.74988276843317, 7.417906895469514]

