Generation 15:
Object: fox_toy
Position: [5.0, 4.5, 2.789930219432315]
Rotation: [-149.9844520712989, -32.56369116900308, -129.70885554815206]

Object: pillow__black
Position: [5.557817105790589, 4.5, 2.823174056778312]
Rotation: [40.15126189552166, 19.42633648129106, -50.152753633484565]

Object: pillow(2)
Position: [5.0, 4.5, 2.2]
Rotation: [11.321614999683447, -72.51500763720051, -153.758666965045]

