Generation 14:
Object: fox_toy
Position: [5.0, 4.5, 2.2]
Rotation: [175.58242404504495, 69.53942388331836, -90.39284410798197]

Object: slippers
Position: [5.0, 4.5, 2.3822104203850576]
Rotation: [71.46663421228578, 26.65263439891328, -47.55616053080766]

Object: fuzzy_slippers
Position: [5.476421129548791, 4.5, 2.2]
Rotation: [-11.952527907697117, -80.89265289033534, -38.7909824218583]

Object: pillow__black
Position: [5.4633870721214794, 4.5, 2.34759258660603]
Rotation: [-73.36653150537688, 146.14560070817242, -136.92606205395134]

