Generation 7:
Object: fox_toy
Position: [5.501833240130735, 4.5, 2.2]
Rotation: [128.58242905368087, 127.29661400241594, 18.37033520598436]

Object: slippers
Position: [5.647894416497942, 4.5, 2.2]
Rotation: [-1.4606596849153561, 68.2840962690978, -65.8405250649869]

Object: fuzzy_slippers
Position: [5.0, 4.5, 2.2]
Rotation: [-10.167277812783595, -24.787581489980795, -81.7099267557629]

Object: pillow__black
Position: [5.0, 4.5, 2.2]
Rotation: [179.75097361495114, -164.51628717387086, 94.75388254752795]

