Generation 4:
Object: fox_toy
Position: [5.0, 4.5, 2.2238774984748813]
Rotation: [77.32698859263917, -168.95519634217433, -126.21872176191312]

Object: pillow__black
Position: [5.0, 4.5, 2.2]
Rotation: [156.98368444195876, -119.99438424220236, 112.3652250751353]

Object: pillow(2)
Position: [5.105794484012784, 4.5, 2.3901465834996443]
Rotation: [109.77185547367492, -86.3960884153138, 93.02252460035584]

