Generation 14:
Object: fox_toy
Position: [5.50304762409627, 4.5, 3.1086271915803128]
Rotation: [-67.17780129504756, -138.61449576649284, 95.88555475584207]

Object: pillow__black
Position: [5.3772818459138865, 4.5, 3.3364666972935026]
Rotation: [-77.30146824371295, -8.017224596442816, 167.39941381573004]

Object: pillow(2)
Position: [5.535191454920747, 4.5, 2.4746625432593854]
Rotation: [-34.25871551034979, -83.6431994284491, -61.3056263832881]

