Generation 20:
Object: fox_toy
Position: [5.0, 4.5, 2.2]
Rotation: [-64.31391640909112, 1.486872849304575, -59.135557279964516]

Object: slippers
Position: [5.394414579479531, 4.5, 2.2]
Rotation: [-120.56570279559037, 119.42684951816409, 62.67595808111332]

Object: fuzzy_slippers
Position: [5.0, 4.5, 2.2]
Rotation: [-25.81808231761056, 28.569485842020725, 166.81151652650277]

Object: pillow__black
Position: [5.226210822030591, 4.5, 2.25980065634286]
Rotation: [62.866343385268436, -69.10714083691272, 62.91036808614314]

