Generation 4:
Object: fox_toy
Position: [5.0, 4.5, 2.3101034771693727]
Rotation: [-163.10978477262944, -100.41387392271376, -93.26799033083213]

Object: pillow__black
Position: [5.291856898635759, 4.5, 2.6419056052170453]
Rotation: [175.66792996218442, 114.27004975419447, 37.93751221582397]

Object: pillow(2)
Position: [5.0, 4.5, 2.2]
Rotation: [71.7032561121024, 175.2095171826141, -147.56463778328947]

