Generation 1:
Object: fox_toy
Position: [5.0, 4.5, 2.2]
Rotation: [-173.5243371595263, 158.2108591100344, -131.43410959345397]

Object: pillow__black
Position: [5.012553523668346, 4.5, 2.2]
Rotation: [-165.2898272249941, -166.65880889794286, 135.10078210843187]

Object: pillow(2)
Position: [5.0, 4.5, 2.2756244501451985]
Rotation: [164.63861769281618, -144.87810757204107, -178.9111007043411]

