Generation 17:
Object: fox_toy
Position: [5.1526527437928875, 4.5, 2.2]
Rotation: [-159.27777595186103, -91.43804527431881, 9.65070096730824]

Object: pillow__black
Position: [5.0, 4.5, 2.3529649264840526]
Rotation: [29.157840102929867, -124.53637241521763, -44.820684549299585]

Object: pillow(2)
Position: [5.0, 4.5, 2.2]
Rotation: [-40.057871683226665, -93.04908406825751, -171.61899785472897]

