Generation 13:
Object: fox_toy
Position: [5.0, 4.5, 2.8376145096208765]
Rotation: [-133.16750790921193, -70.98791443722524, -130.8057265175509]

Object: pillow__black
Position: [5.528503987187208, 4.5, 2.7873937463275116]
Rotation: [62.879660844690136, 36.0232821642237, -21.87129016406402]

Object: pillow(2)
Position: [5.0, 4.5, 2.2]
Rotation: [29.12167651945174, -150.60697233231767, 157.61858824991168]

