Generation 9:
Object: fox_toy
Position: [5.496034511804744, 4.5, 2.2]
Rotation: [39.18447629538241, -44.17434979496909, -86.58621170582596]

Object: pillow__black
Position: [5.0, 4.5, 2.6691354388433393]
Rotation: [7.453836728709064, 120.3396586321445, -62.18704088777437]

Object: pillow(2)
Position: [5.112083301644424, 4.5, 2.344889856316494]
Rotation: [132.43752630440122, -126.8016194927592, 70.81770844636787]

