Generation 10:
Object: fox_toy
Position: [5.4023019549785625, 4.5, 2.2]
Rotation: [65.66502004861388, -178.65680893892252, -32.62290725520228]

Object: slippers
Position: [5.8352677920644584, 4.5, 2.7329373570206466]
Rotation: [-44.638959617507396, -25.470015715715647, 69.60503930859477]

Object: fuzzy_slippers
Position: [5.0, 4.5, 2.2]
Rotation: [4.210758596582821, 34.32736497230144, -173.21013829143428]

Object: pillow__black
Position: [5.049774563650571, 4.5, 2.2]
Rotation: [-111.49902938443245, -48.6379469798689, 82.97528399541068]

