Generation 14:
Object: fox_toy
Position: [5.595693474139459, 4.5, 2.2]
Rotation: [5.175196787452592, -114.25613806293518, -45.30615766058176]

Object: pillow__black
Position: [5.0, 4.5, 2.5492330869951294]
Rotation: [-138.06202794251908, 95.29657856464547, 23.056706841913154]

Object: pillow(2)
Position: [5.314917508158849, 4.5, 2.6484818406598367]
Rotation: [161.40928330426016, 172.1793055551331, 78.0574316835665]

