Generation 15:
Object: fox_toy
Position: [5.648339649135673, 4.5, 2.2]
Rotation: [129.91278800927165, 156.61454950528582, -149.73519609468784]

Object: pillow__black
Position: [5.0, 4.5, 2.6313811913282033]
Rotation: [-98.45507919109947, 115.37669113359192, -66.59132299557885]

Object: pillow(2)
Position: [5.332769039585853, 4.5, 2.4748785010493366]
Rotation: [139.8444901728285, -117.06850762329263, 105.77695177186268]

