Generation 8:
Object: fox_toy
Position: [5.0, 4.5, 2.224160234323781]
Rotation: [62.858431830780034, -76.24053290564655, 120.43541730610298]

Object: pillow__black
Position: [5.251995567589855, 4.5, 2.635591300605489]
Rotation: [49.079030343327645, 141.57752872419434, 124.37935430030473]

Object: pillow(2)
Position: [5.045614008271677, 4.5, 2.2097598559006966]
Rotation: [-8.065096378634024, -123.82781049738367, -118.82288375347648]

