Generation 7:
Object: fox_toy
Position: [5.285414350097763, 4.5, 2.402111290234955]
Rotation: [-95.3660633045314, -140.92144835741306, -6.623962956554749]

Object: pillow__black
Position: [5.0, 4.5, 2.3586835438015994]
Rotation: [-153.37881016387541, 42.87903584939727, -62.94348509275521]

Object: pillow(2)
Position: [5.05535332528426, 4.5, 2.211000381312822]
Rotation: [-164.03912203951452, -61.759083460289276, -97.83720956452629]

