Generation 6:
Object: fox_toy
Position: [5.0, 4.5, 2.343609962457595]
Rotation: [100.91489362773984, -82.90651179716296, 111.49304853097124]

Object: slippers
Position: [5.0, 4.5, 2.7763314566392134]
Rotation: [68.45368216103367, 78.06035431645302, 134.87923235717528]

Object: fuzzy_slippers
Position: [5.0, 4.5, 2.415434988394399]
Rotation: [-170.12260153575195, 55.197656407553154, 100.75101709394534]

Object: pillow__black
Position: [5.0, 4.5, 2.2]
Rotation: [16.235183070133246, -75.21279371789757, 174.6522825884221]

