Generation 7:
Object: fox_toy
Position: [5.0, 4.5, 2.2]
Rotation: [-163.048034799563, -90.96905841584443, -111.91764988834224]

Object: pillow__black
Position: [5.399800018652029, 4.5, 2.2]
Rotation: [21.393876800156363, 60.33725208023162, -178.59710225624352]

Object: pillow(2)
Position: [5.0, 4.5, 2.2]
Rotation: [175.20184388623306, -171.74148895225503, -148.02149203461724]

