Generation 17:
Object: fox_toy
Position: [5.0, 4.5, 2.2]
Rotation: [114.37585545174755, 30.71227346126642, -123.0947638462288]

Object: pillow__black
Position: [5.0, 4.5, 2.552336130552192]
Rotation: [84.30905102244492, -171.09249755695555, -44.72674688619776]

Object: pillow(2)
Position: [5.0, 4.5, 2.2]
Rotation: [160.94628002737056, 172.57236208268688, -60.61080350273146]

