Generation 11:
Object: fox_toy
Position: [5.798763678271845, 4.5, 2.5340663300013353]
Rotation: [80.47210699677373, 125.06321469578313, -62.29352363957099]

Object: slippers
Position: [5.576575798061412, 4.5, 2.2]
Rotation: [-97.72474859594507, 75.78809873428912, -33.23771737575947]

Object: fuzzy_slippers
Position: [5.0, 4.5, 2.2804410379146405]
Rotation: [-37.17703042276395, -77.863837779025, -31.517711342884866]

Object: pillow__black
Position: [5.0, 4.5, 2.2]
Rotation: [156.68284603388236, 158.63605209820196, 142.9736874365188]

