Generation 9:
Object: fox_toy
Position: [5.0, 4.5, 2.2]
Rotation: [-66.88794601053209, -61.9098332213281, 154.07899684108713]

Object: pillow__black
Position: [5.2822495342776445, 4.5, 2.263713631257125]
Rotation: [110.6690504316731, -88.08806058638895, 158.85262427861505]

Object: pillow(2)
Position: [5.0, 4.5, 2.2376896428732165]
Rotation: [153.4048873225886, 15.555336396026405, -48.17436586535442]

