Generation 15:
Object: fox_toy
Position: [5.76017590177542, 4.5, 2.386888649323682]
Rotation: [-38.85078911135031, -155.38832305617828, -57.915032285671316]

Object: slippers
Position: [5.0, 4.5, 2.9047325825109143]
Rotation: [-125.19235329769317, 14.41346995673402, -86.37031505502651]

Object: fuzzy_slippers
Position: [5.0, 4.5, 2.2]
Rotation: [-35.74269593611564, 93.60891688931957, 169.38501910807327]

Object: pillow__black
Position: [5.252218296133208, 4.5, 3.179463464328637]
Rotation: [-52.69558299628771, 143.854213929019, -97.1160281496234]

