Generation 6:
Object: fox_toy
Position: [5.2560567631947945, 4.5, 2.2]
Rotation: [-73.26879407162835, 146.8069880051995, 87.937601278589]

Object: pillow__black
Position: [5.0, 4.5, 2.4371239487177396]
Rotation: [22.58676004736361, -16.27226923162732, 131.5593675611933]

Object: pillow(2)
Position: [5.0, 4.5, 2.5992038529910557]
Rotation: [-5.285474393300774, 166.17435291203822, 54.176819761163415]

