Generation 2:
Object: fox_toy
Position: [5.0, 4.5, 2.257176775756656]
Rotation: [-179.7554249437358, -164.33909950870913, 142.45042142642507]

Object: pillow__black
Position: [5.003019268026206, 4.5, 2.274475119467021]
Rotation: [163.5756290586205, -175.94893806943486, 137.24053102345397]

Object: pillow(2)
Position: [5.070426467552772, 4.5, 2.3916895654637766]
Rotation: [-176.07731473068014, -129.4749143606584, -160.07254484072894]

