Generation 10:
Object: fox_toy
Position: [5.820643406828702, 4.5, 2.2]
Rotation: [99.00934018313188, -88.40525431324784, -51.730823212420205]

Object: pillow__black
Position: [5.0, 4.5, 2.4159327440632694]
Rotation: [-96.39404114559184, 125.55089704358886, -67.36609163379306]

Object: pillow(2)
Position: [5.40292745372425, 4.5, 2.2849992061078788]
Rotation: [164.57706986838593, -155.65349332403613, 101.09715246801477]

