Generation 19:
Object: fox_toy
Position: [5.0, 4.5, 2.2]
Rotation: [132.48555099829093, 24.746944807140295, -58.15545387180954]

Object: pillow__black
Position: [5.230994543873326, 4.5, 2.2]
Rotation: [109.14879985807232, 9.864459392912522, 117.72473444538878]

Object: pillow(2)
Position: [5.0, 4.5, 2.4770077189904463]
Rotation: [150.9474847098765, 38.05587863240851, 32.03400259858921]

