Generation 4:
Object: fox_toy
Position: [5.266967061194283, 4.5, 2.579960202149799]
Rotation: [139.60944769551082, 139.03919646064287, 168.90126276385843]

Object: pillow__black
Position: [5.112276402473732, 4.5, 2.785553820488266]
Rotation: [-129.2579522392127, 75.06216334884743, 110.60864619745269]

Object: pillow(2)
Position: [5.203076890095468, 4.5, 2.536358050171377]
Rotation: [-163.6511222509446, -157.74715883144864, -174.38229174045605]

