Generation 5:
Object: fox_toy
Position: [5.0, 4.5, 2.2]
Rotation: [127.61483178572189, 92.57815934081248, 131.03119729236892]

Object: pillow__black
Position: [5.0, 4.5, 2.2]
Rotation: [152.99266209133083, 139.28092343675763, -100.60718611235735]

Object: pillow(2)
Position: [5.050316262785029, 4.5, 2.7720490395253456]
Rotation: [121.74902842563154, -59.45128354670736, -78.34823164988345]

