Generation 9:
Object: fox_toy
Position: [5.410449859336357, 4.5, 2.6162775690199007]
Rotation: [107.23172193931055, -103.60572814188373, -2.4730882670721144]

Object: slippers
Position: [5.0, 4.5, 2.5995137329522535]
Rotation: [-106.85094472477718, -46.870564424779474, -71.27139636080301]

Object: fuzzy_slippers
Position: [5.0, 4.5, 2.4139514020568362]
Rotation: [38.911011405792465, 12.313909735393139, -167.09629692978433]

Object: pillow__black
Position: [5.3293632780891285, 4.5, 2.9671208335396013]
Rotation: [-53.13466042865545, -115.16480808482328, -101.95390649083944]

