Generation 2:
Object: fox_toy
Position: [5.018390926889571, 4.5, 2.3781628961851533]
Rotation: [139.187713530952, -173.12607992984212, 86.94036163035952]

Object: slippers
Position: [5.074680366773863, 4.5, 2.295649071068555]
Rotation: [179.36984783258572, -123.35257858340262, 161.61342665062523]

Object: fuzzy_slippers
Position: [5.0, 4.5, 2.2]
Rotation: [170.76340411131207, -171.1879870435216, -89.19628729537486]

Object: pillow__black
Position: [5.0, 4.5, 2.2]
Rotation: [136.58523728082537, -98.39485812620349, 147.90054536156663]

