Generation 8:
Object: fox_toy
Position: [5.4560817468934095, 4.5, 2.2]
Rotation: [91.12298793910753, -3.7663039515234686, -173.765146401197]

Object: pillow__black
Position: [5.0, 4.5, 2.5844667202784617]
Rotation: [-41.74182729286284, 117.54258563940641, 9.453706420054658]

Object: pillow(2)
Position: [5.071016031809581, 4.5, 2.286214986689942]
Rotation: [160.8161582978039, -136.01371128850008, 39.54064290380137]

