Generation 9:
Object: fox_toy
Position: [5.0, 4.5, 2.226851613775035]
Rotation: [107.89800247801531, 59.93369235886928, 155.54551860482047]

Object: pillow__black
Position: [5.245623319441097, 4.5, 2.6881189502270644]
Rotation: [-139.68234758271782, 119.5116267120838, 89.7927055736593]

Object: pillow(2)
Position: [5.0, 4.5, 2.2]
Rotation: [50.46142531471651, 123.16948676991296, -106.07767397534043]

