Generation 1:
Object: fox_toy
Position: [5.022661787611071, 4.5, 2.2]
Rotation: [174.032631238399, -178.75444352380765, 169.55394317472286]

Object: pillow__black
Position: [5.065953859877671, 4.5, 2.2]
Rotation: [143.2679118416836, 175.99138880791787, 150.67699191767554]

Object: pillow(2)
Position: [5.1353064113980444, 4.5, 2.2]
Rotation: [-155.11622796136223, -156.4795386002131, 178.63102659079016]

