Generation 8:
Object: fox_toy
Position: [5.402547055081756, 4.5, 2.4779301321424376]
Rotation: [115.88889736490916, -115.80753366211447, -36.91788395829238]

Object: slippers
Position: [5.0, 4.5, 2.7164012744415915]
Rotation: [-123.80585117480746, -55.836583623034926, -161.67458388918797]

Object: fuzzy_slippers
Position: [5.0, 4.5, 2.45061406028424]
Rotation: [30.7170263907052, -14.972050246568216, 143.18964800966694]

Object: pillow__black
Position: [5.338325090941566, 4.5, 2.7249324430455673]
Rotation: [-53.82097396366821, -168.4700395797859, -92.22376657408081]

