Generation 4:
Object: fox_toy
Position: [5.0, 4.5, 2.2202078318878917]
Rotation: [77.93241319907605, 104.60769355674734, 117.33030821840026]

Object: pillow__black
Position: [5.212945638580516, 4.5, 2.7548289524457577]
Rotation: [137.83010677149719, -21.170648191975374, 123.88533991177667]

Object: pillow(2)
Position: [5.187759339565041, 4.5, 2.2]
Rotation: [-101.08150929867091, -98.8307708513402, -136.7176754305869]

