Generation 8:
Object: fox_toy
Position: [5.0, 4.5, 2.2]
Rotation: [-17.65301447278506, -120.3477918716004, -79.35842057799346]

Object: pillow__black
Position: [5.199007555128572, 4.5, 2.3315988563542565]
Rotation: [162.03521704279478, 156.35567326498193, 139.04489461645977]

Object: pillow(2)
Position: [5.0, 4.5, 2.225624880323534]
Rotation: [-126.28542856470591, 1.7401285480597721, -68.49615985628196]

