Generation 16:
Object: fox_toy
Position: [5.39975448210773, 4.5, 2.2]
Rotation: [82.7225883423688, -53.23305208188333, 46.35325966269693]

Object: pillow__black
Position: [5.0, 4.5, 2.9223264878408988]
Rotation: [129.35060717494423, 114.35275486176818, -155.89780829294432]

Object: pillow(2)
Position: [5.7091810906053455, 4.5, 2.2]
Rotation: [59.32119314066631, -72.24894478730896, -93.11435932747361]

