Generation 14:
Object: fox_toy
Position: [5.61706653748912, 4.5, 2.330302427209648]
Rotation: [-26.586934660529664, -143.23927976494448, -28.61339050423331]

Object: slippers
Position: [5.0, 4.5, 2.9404145416570016]
Rotation: [-94.67717632770318, -57.44304328939417, -95.6527749458753]

Object: fuzzy_slippers
Position: [5.0, 4.5, 2.2]
Rotation: [-24.434404171260212, 33.150749931437645, 171.81126292768704]

Object: pillow__black
Position: [5.322304831005611, 4.5, 3.1387726930220747]
Rotation: [-1.1427499332674529, -169.82740462650193, -102.48938826418]

