Generation 2:
Object: fox_toy
Position: [5.335273370043647, 4.5, 2.257596021609308]
Rotation: [119.12124153558045, 98.3167735934947, 10.839780455204277]

Object: slippers
Position: [5.0985902671644485, 4.5, 2.4171508140682554]
Rotation: [169.99512334871991, 153.8365495508483, 144.85540310148735]

Object: fuzzy_slippers
Position: [5.0, 4.5, 2.2]
Rotation: [139.2889859014827, 146.63017407122334, -137.35712964459424]

Object: pillow__black
Position: [5.0, 4.5, 2.2]
Rotation: [-129.4195397582491, -147.76315148610138, 153.8471834846954]

