Generation 17:
Object: fox_toy
Position: [5.0, 4.5, 2.2]
Rotation: [-11.832687928601388, -167.70905312768923, -177.45730631844822]

Object: pillow__black
Position: [5.0, 4.5, 2.2]
Rotation: [-64.19549539392708, -74.67693845217116, 14.907412757836141]

Object: pillow(2)
Position: [5.0, 4.5, 2.660567120418056]
Rotation: [47.79059545060352, -113.95453703061521, -34.17656461360093]

