Generation 3:
Object: fox_toy
Position: [5.0, 4.5, 2.4096384543970975]
Rotation: [148.75977858689913, -92.56839025972735, 79.13427015627559]

Object: pillow__black
Position: [5.011030910466355, 4.5, 2.2]
Rotation: [-159.60665766804178, 128.61281679667673, 142.95814506507327]

Object: pillow(2)
Position: [5.071560050060171, 4.5, 2.2]
Rotation: [-166.5537636658242, -145.07803547548576, -62.41528347719654]

