Generation 16:
Object: fox_toy
Position: [5.0, 4.5, 2.2]
Rotation: [120.2486666751816, 41.93452044922202, -94.35616781920645]

Object: pillow__black
Position: [5.196310226629084, 4.5, 2.290199923943698]
Rotation: [15.801579806530697, 35.126401722791, 176.02105635429666]

Object: pillow(2)
Position: [5.0, 4.5, 2.3028863703463145]
Rotation: [86.13401807213438, 76.44275599294991, 36.245578030442346]

