Generation 16:
Object: fox_toy
Position: [5.516437571648836, 4.5, 2.97421934832418]
Rotation: [-152.2334205686819, -107.81945785271455, 47.895063054299555]

Object: pillow__black
Position: [6.0, 4.5, 2.2]
Rotation: [-179.30313985711877, -22.41259237507944, 84.74525751766737]

Object: pillow(2)
Position: [5.126415790824584, 4.5, 2.499267896802981]
Rotation: [-57.70610619986785, 128.46453132591375, 93.83528134405117]

