Generation 3:
Object: fox_toy
Position: [5.237078342689547, 4.5, 2.556412175523513]
Rotation: [168.12225193097822, -78.15570652070406, -116.29175670022236]

Object: pillow__black
Position: [5.0, 4.5, 2.2]
Rotation: [-169.64613388748953, 107.0763378846658, 172.8962491271302]

Object: pillow(2)
Position: [5.145830794973365, 4.5, 2.644106304198106]
Rotation: [138.78962989229854, 129.64910532284648, -89.5746466538127]

