Generation 8:
Object: fox_toy
Position: [5.0, 4.5, 2.2]
Rotation: [-109.23179761960273, 43.43957022302811, -174.4883315793114]

Object: pillow__black
Position: [5.382669997827487, 4.5, 2.2]
Rotation: [74.18034317156071, 95.43751505486614, 175.22566607815577]

Object: pillow(2)
Position: [5.0717781523859395, 4.5, 2.2193193691332724]
Rotation: [-166.4509188470579, 178.10478805871503, -121.25450204906139]

