Generation 12:
Object: fox_toy
Position: [5.0, 4.5, 2.2]
Rotation: [-118.10162863570281, -80.45039164410116, -85.47509988287145]

Object: pillow__black
Position: [5.129784698499841, 4.5, 2.2]
Rotation: [134.5740031369748, 178.35852083653208, -66.30831534797233]

Object: pillow(2)
Position: [5.153013252632041, 4.5, 2.2]
Rotation: [159.67973511073706, 71.19421689000467, 161.13368423207635]

