Generation 16:
Object: fox_toy
Position: [6.0, 4.5, 2.671112514005628]
Rotation: [159.90964561934112, 103.12382310571058, -162.47421739743876]

Object: pillow__black
Position: [5.0, 4.5, 2.6202477033700595]
Rotation: [-104.20955517726749, 12.090717265781677, -168.0027023036842]

Object: pillow(2)
Position: [5.827256764340747, 4.5, 2.49770338072473]
Rotation: [-107.07419328492632, -132.1592953830122, -30.75057645342261]

