Generation 11:
Object: fox_toy
Position: [5.635530863110921, 4.5, 2.9419485797378337]
Rotation: [-178.94153929103263, 26.180823465804394, -177.13697836934958]

Object: pillow__black
Position: [5.0, 4.5, 2.4731126297987647]
Rotation: [-158.0814307569945, -24.63939799683368, 99.62950732259475]

Object: pillow(2)
Position: [5.683925787876483, 4.5, 2.5628197535899555]
Rotation: [-117.95403262406417, -160.03113907897526, 24.558203491363855]

