Generation 20:
Object: fox_toy
Position: [5.0, 4.5, 2.2]
Rotation: [-108.81376020674912, -68.01885244725868, 140.0723999769521]

Object: slippers
Position: [5.0, 4.5, 3.1884085920238214]
Rotation: [159.66388504848481, 119.6528339315114, -103.55621672797942]

Object: fuzzy_slippers
Position: [5.0, 4.5, 2.2]
Rotation: [41.098537304423644, 93.89177890955426, -139.02759764078007]

Object: pillow__black
Position: [5.0, 4.5, 2.2]
Rotation: [-128.4681742078315, 120.42465459476813, 37.81318629654322]

