Generation 14:
Object: fox_toy
Position: [5.0, 4.5, 2.2]
Rotation: [160.53830832878612, -17.317896270511085, -53.79845198881766]

Object: pillow__black
Position: [5.0, 4.5, 2.658944579973003]
Rotation: [91.49499947156585, -116.14904550289987, -47.695016941204614]

Object: pillow(2)
Position: [5.0, 4.5, 2.2]
Rotation: [148.31632543942442, 154.118174453162, -52.27675090268144]

