Generation 4:
Object: fox_toy
Position: [5.197045065201245, 4.5, 2.3024697547400512]
Rotation: [-62.7869314671527, -131.4778274873922, 66.83287417068038]

Object: pillow__black
Position: [5.044309745600104, 4.5, 2.2797155708839703]
Rotation: [54.60963773975891, -90.276843391106, -135.58001624582062]

Object: pillow(2)
Position: [5.0, 4.5, 2.502824671041786]
Rotation: [100.63332439602544, -122.19734023739827, 111.81291062690588]

