Generation 4:
Object: fox_toy
Position: [5.2563540568702605, 4.5, 2.554812504099319]
Rotation: [174.57782655346176, -55.80774139650825, -165.5088522300403]

Object: pillow__black
Position: [5.0, 4.5, 2.308452582570322]
Rotation: [-175.25275002832552, 107.04742055875067, 119.10341197436509]

Object: pillow(2)
Position: [5.3665185685641505, 4.5, 2.3892521457253846]
Rotation: [148.37952615928708, -179.78037662043172, -62.08548243181066]

