Generation 11:
Object: fox_toy
Position: [5.441414815303211, 4.5, 2.3322902876885307]
Rotation: [43.08259692949463, -136.57393967005055, -9.030902567577584]

Object: slippers
Position: [5.0, 4.5, 2.790422987756832]
Rotation: [-137.70250894548911, -10.43569463235238, -79.16273385980415]

Object: fuzzy_slippers
Position: [5.0, 4.5, 2.2]
Rotation: [16.07794571900166, 16.713691661267887, 162.61576768080272]

Object: pillow__black
Position: [5.430642833113276, 4.5, 2.7725213011158503]
Rotation: [-73.17004779898035, -144.5876624085018, -116.82148594698694]

