Generation 2:
Object: fox_toy
Position: [5.0, 4.5, 2.2]
Rotation: [169.77785984863795, -179.16738557198306, -161.18350085384265]

Object: slippers
Position: [5.046080429489907, 4.5, 2.2329188490835206]
Rotation: [-158.348993926908, 150.0776723754584, -154.45392449898384]

Object: fuzzy_slippers
Position: [5.156168710460805, 4.5, 2.2]
Rotation: [-146.0943037000334, -123.45341577294373, -65.60191924290841]

Object: pillow__black
Position: [5.0, 4.5, 2.2318221828257805]
Rotation: [-149.56221763209143, 103.69385950553556, -151.80882318779808]

