Generation 3:
Object: fox_toy
Position: [5.0, 4.5, 2.2]
Rotation: [-129.83102701326342, 83.79035107783102, 81.74079705312477]

Object: pillow__black
Position: [5.0, 4.5, 2.2]
Rotation: [-175.01843845950214, -146.61872272711378, 154.88015078027973]

Object: pillow(2)
Position: [5.0, 4.5, 2.465096701343285]
Rotation: [126.01914291835641, 126.51258470681427, 140.02621685193844]

