Generation 13:
Object: fox_toy
Position: [5.0, 4.5, 2.2]
Rotation: [-18.956739883828277, -68.8090165617711, 81.93378574630395]

Object: pillow__black
Position: [5.598429880459449, 4.5, 2.419271734844023]
Rotation: [-138.88117350008247, -101.31163488463942, 101.0179127720769]

Object: pillow(2)
Position: [5.0, 4.5, 2.2]
Rotation: [-168.91141754438067, 128.65256034662116, 16.398309988057804]

