Generation 17:
Object: fox_toy
Position: [5.0, 4.5, 2.2]
Rotation: [-62.21954946055712, -64.27869234653062, 127.64932327492431]

Object: slippers
Position: [5.0, 4.5, 3.005080148053653]
Rotation: [129.70322214034417, 67.94014950762164, -91.56050788588544]

Object: fuzzy_slippers
Position: [5.0, 4.5, 2.2]
Rotation: [83.04705026963296, 176.85647117815245, -172.64871879674695]

Object: pillow__black
Position: [5.0, 4.5, 2.2]
Rotation: [128.09337971424793, 122.69343229070557, 42.41833341335098]

