Generation 19:
Object: fox_toy
Position: [5.397117912265451, 4.5, 2.2]
Rotation: [-111.75742534954297, -21.563163971712584, -119.29189374367223]

Object: slippers
Position: [5.170193952991642, 4.5, 2.6303788894180675]
Rotation: [-78.8756607921951, -37.04604490790848, -87.30295626862267]

Object: fuzzy_slippers
Position: [5.226457066658407, 4.5, 2.5017502220374954]
Rotation: [58.79538154465695, -128.9476110668729, 7.250755299837294]

Object: pillow__black
Position: [5.069168936800965, 4.5, 3.5]
Rotation: [-44.99720050880515, 20.877146572169437, 74.36959456293664]

