Generation 16:
Object: fox_toy
Position: [5.0, 4.5, 2.2]
Rotation: [3.6656652636560807, -101.27293328969525, 84.16289784926761]

Object: pillow__black
Position: [5.682182372774701, 4.5, 2.353765159578341]
Rotation: [-108.99686333197378, -73.01662400767621, 44.64264881649342]

Object: pillow(2)
Position: [5.0, 4.5, 2.2]
Rotation: [-126.8249917102701, 132.75504120197468, -12.743096731803064]

