Generation 7:
Object: fox_toy
Position: [5.0, 4.5, 2.2]
Rotation: [23.00778157883059, -21.466442723157, 112.22904930837535]

Object: pillow__black
Position: [5.292690389066186, 4.5, 2.790054082014314]
Rotation: [75.04905313828635, -21.987613543534906, 100.07708291924473]

Object: pillow(2)
Position: [5.136736001947866, 4.5, 2.2385974394712647]
Rotation: [-68.35911664118005, -141.26129045764296, -46.31519816461366]

