Generation 20:
Object: fox_toy
Position: [5.0, 4.5, 2.2]
Rotation: [91.15774213642032, 166.14697380423416, -137.95145462465922]

Object: pillow__black
Position: [5.0, 4.5, 2.32694551441338]
Rotation: [118.41124075851354, 174.8748596877055, -173.52921336046072]

Object: pillow(2)
Position: [5.0, 4.5, 2.2]
Rotation: [2.479947566636895, -98.53764399620748, 25.28779254428855]

