Generation 16:
Object: fox_toy
Position: [5.658372466669322, 4.5, 2.2351109947369636]
Rotation: [-5.274678480024647, 157.25110623929174, 6.604391838313973]

Object: slippers
Position: [5.0, 4.5, 3.0895293274614684]
Rotation: [-58.699835144584526, -26.26378026556455, -115.454928553155]

Object: fuzzy_slippers
Position: [5.0, 4.5, 2.2711307419179696]
Rotation: [-30.95600431761028, 107.44866265219565, 120.03658481120289]

Object: pillow__black
Position: [5.40781832758361, 4.5, 2.967769260596474]
Rotation: [0.3185499653327213, 156.26155643540426, -115.300553670887]

