Generation 7:
Object: fox_toy
Position: [5.096451639018995, 4.5, 2.332539823617465]
Rotation: [153.16808592281535, -117.4151104337511, 24.420084375515785]

Object: pillow__black
Position: [5.1548137335873605, 4.5, 2.2]
Rotation: [-164.76792818841506, 83.09949255949306, 56.78321876710845]

Object: pillow(2)
Position: [5.0, 4.5, 2.2454365579521265]
Rotation: [159.49393809276455, 65.77872813993457, -82.02301207730785]

