Generation 13:
Object: fox_toy
Position: [5.0, 4.5, 2.2]
Rotation: [137.22772157694442, 1.4469246543395684, 173.67109345764368]

Object: pillow__black
Position: [5.073788862352226, 4.5, 2.324205782071217]
Rotation: [83.97563782476999, -88.57073172328546, 26.72227511808964]

Object: pillow(2)
Position: [5.0, 4.5, 2.2]
Rotation: [100.94844933189222, 135.8626229441321, -104.25633060473632]

