Generation 14:
Object: fox_toy
Position: [5.068163535594763, 4.5, 2.7383957103934176]
Rotation: [-127.03370913927814, 71.80714792387244, -178.7611036359628]

Object: pillow__black
Position: [5.74227111386152, 4.5, 2.9750095670414933]
Rotation: [-65.57573475665254, -153.8342684230137, -67.96869500323551]

Object: pillow(2)
Position: [5.0, 4.5, 2.6981488742971282]
Rotation: [-19.46357695082483, 23.740528744505582, 129.91110016954696]

