Generation 7:
Object: fox_toy
Position: [5.0, 4.5, 2.2]
Rotation: [-59.49698531600657, 34.23175863609302, -148.74157162661282]

Object: pillow__black
Position: [5.208509215725305, 4.5, 2.346550456764622]
Rotation: [-93.21237680392755, 56.823947855978645, -13.45632905361714]

Object: pillow(2)
Position: [5.0, 4.5, 2.2]
Rotation: [125.3571306897818, 157.4318204118859, -12.300412061885083]

