Generation 3:
Object: fox_toy
Position: [5.0, 4.5, 2.2]
Rotation: [-142.92578688210773, -117.46180629590944, -108.36054691776846]

Object: pillow__black
Position: [5.191920910020788, 4.5, 2.3005023918905914]
Rotation: [140.55600945085183, 140.1324597172635, 30.962676472624025]

Object: pillow(2)
Position: [5.0, 4.5, 2.2]
Rotation: [122.21502456931933, -156.53513067566533, -171.5481951005019]

