Generation 1:
Object: fox_toy
Position: [5.0, 4.5, 2.2]
Rotation: [122.52171416235751, -152.93970551290658, -176.15984094365905]

Object: slippers
Position: [5.0, 4.5, 2.2]
Rotation: [-145.10268575165824, 176.18806354024218, 170.42615699767583]

Object: fuzzy_slippers
Position: [5.13271487614238, 4.5, 2.346538181956112]
Rotation: [167.72775435734866, 133.42752233519514, 146.5550936579698]

