Generation 20:
Object: fox_toy
Position: [5.0, 4.5, 2.554043736768353]
Rotation: [19.86822992836653, 99.09918896823626, 121.58229245818416]

Object: pillow__black
Position: [5.018195081138641, 4.5, 3.073419351819955]
Rotation: [110.71260350462092, -119.81294930490941, 139.51098619897436]

Object: pillow(2)
Position: [5.360175509290515, 4.5, 2.2885059924238647]
Rotation: [24.028191665641884, -80.24758309379436, -133.21601700685778]

