Generation 20:
Object: fox_toy
Position: [5.331842749587201, 4.5, 2.2]
Rotation: [-65.5981519255082, -89.92966459305546, 146.67470963803152]

Object: pillow__black
Position: [5.0, 4.5, 2.2]
Rotation: [155.63444762133054, -51.62498590983853, -59.9734304617545]

Object: pillow(2)
Position: [5.484222900786117, 4.5, 2.2]
Rotation: [-152.46807048266677, -23.900865171728242, -117.4748211269499]

