Generation 17:
Object: fox_toy
Position: [5.060001922623885, 4.5, 2.2]
Rotation: [-25.890055225245874, -140.23637424804295, -105.44592116624047]

Object: pillow__black
Position: [5.0, 4.5, 2.3401264744214183]
Rotation: [169.28130452525448, 149.6202810535505, -130.05091920543396]

Object: pillow(2)
Position: [5.0, 4.5, 2.2]
Rotation: [-23.539120167074714, -70.90254716875455, 31.760508105674546]

