Generation 1:
Object: fox_toy
Position: [5.0, 4.5, 2.442357627813582]
Rotation: [-167.73275439612067, 176.90115408551145, -161.92075565440769]

Object: pillow__black
Position: [5.024230632612202, 4.5, 2.2970278230954078]
Rotation: [-158.2043078565782, -176.08470251987163, -167.1339641961823]

Object: pillow(2)
Position: [5.066886718176599, 4.5, 2.316512972461616]
Rotation: [-157.28421837122298, -170.90046863658628, 163.9850139227189]

