Generation 15:
Object: fox_toy
Position: [5.0, 4.5, 2.2]
Rotation: [-140.86662686929677, 121.08904078203642, -106.4988540528845]

Object: slippers
Position: [5.0, 4.5, 2.3486472874068913]
Rotation: [66.70306151995172, -10.701347655206774, -16.006860672504047]

Object: fuzzy_slippers
Position: [5.821533867174743, 4.5, 2.2]
Rotation: [-93.07132848781623, -173.5038881028463, -101.57028189741743]

Object: pillow__black
Position: [5.4806339595560285, 4.5, 2.414216234813307]
Rotation: [-110.76191999739831, 173.97066571693574, -134.62350234616136]

