Generation 3:
Object: fox_toy
Position: [5.0, 4.5, 2.2303006307072266]
Rotation: [128.3348086777786, -164.43423644252763, 162.17872729856333]

Object: slippers
Position: [5.0, 4.5, 2.3221643426590486]
Rotation: [156.4009753658927, 70.18495702676023, 105.07728171421809]

Object: fuzzy_slippers
Position: [5.0, 4.5, 2.6052405869250763]
Rotation: [113.20410403037579, 139.36082114953433, 120.8390507831017]

Object: pillow__black
Position: [5.0, 4.5, 2.2]
Rotation: [152.20398491530216, -95.42323273652623, 78.96422644910041]

