Generation 12:
Object: fox_toy
Position: [5.0, 4.5, 2.2]
Rotation: [-138.71022460167353, -4.31837197795906, -69.40042267519064]

Object: slippers
Position: [5.0, 4.5, 2.272437644377124]
Rotation: [104.77552181038698, 104.52117519945364, 15.812038048439177]

Object: fuzzy_slippers
Position: [5.530687791986955, 4.5, 2.2]
Rotation: [-82.46576355105907, -38.37296197504554, 37.41351102677004]

Object: pillow__black
Position: [5.456624772175077, 4.5, 2.521680735230536]
Rotation: [-94.6026965442694, -162.01942686806615, -143.4571315568552]

