Generation 15:
Object: fox_toy
Position: [5.13426796607532, 4.5, 2.2]
Rotation: [-4.657694224863292, 93.55070180377402, 34.63211029115894]

Object: slippers
Position: [5.336137629884633, 4.5, 2.2]
Rotation: [75.16797917232947, -81.81843127325988, 167.68107786059443]

Object: fuzzy_slippers
Position: [5.378272182455764, 4.5, 2.2]
Rotation: [-162.17441233237213, 46.55579724886587, 142.51650201773072]

Object: pillow__black
Position: [5.29185290308924, 4.5, 2.2]
Rotation: [-105.36434304484604, -124.4620023367054, -170.74482162045067]

