Generation 15:
Object: fox_toy
Position: [5.0, 4.5, 2.2]
Rotation: [65.38408912161682, 25.280288794086033, -81.98448884886955]

Object: pillow__black
Position: [5.267044200753491, 4.5, 2.388841881441481]
Rotation: [30.22107682523395, 16.555393018278664, -112.60562422648269]

Object: pillow(2)
Position: [5.0, 4.5, 2.2437743714384117]
Rotation: [144.227076635618, 78.70452441071757, -19.518123880957518]

