Generation 17:
Object: fox_toy
Position: [5.0, 4.5, 2.356986536309992]
Rotation: [53.388028906989746, 53.23304569557513, 108.56683216549345]

Object: pillow__black
Position: [5.247497850680165, 4.5, 3.160181447302013]
Rotation: [65.82971349994051, -127.93686479646772, 100.03329300225772]

Object: pillow(2)
Position: [5.251797358211489, 4.5, 2.6237621809413656]
Rotation: [-10.217181694563095, -99.80664995134029, -168.0564956665751]

