Generation 5:
Object: fox_toy
Position: [5.0, 4.5, 2.2687581498180727]
Rotation: [121.7629376725842, 150.32130053157601, 166.24941876117532]

Object: slippers
Position: [5.0, 4.5, 2.488503035188811]
Rotation: [140.51955373929422, 90.30533157929784, 170.4606388317717]

Object: fuzzy_slippers
Position: [5.0, 4.5, 2.251185006965267]
Rotation: [119.99678879544194, 95.08088487242492, 86.51476588042613]

Object: pillow__black
Position: [5.0, 4.5, 2.2]
Rotation: [73.40881625929535, -81.86817914531531, 91.8218019249004]

