Generation 6:
Object: fox_toy
Position: [5.0, 4.5, 2.4599376366526706]
Rotation: [-154.13561920415188, -110.80762941629163, 34.441296209382585]

Object: pillow__black
Position: [5.246071029678629, 4.5, 2.2]
Rotation: [120.88117358942839, 75.62963438706174, 119.29749840222416]

Object: pillow(2)
Position: [5.0, 4.5, 2.309504978415821]
Rotation: [-98.37823455510447, -40.25910969564066, -121.01661053017358]

