Generation 12:
Object: fox_toy
Position: [5.0, 4.5, 2.2]
Rotation: [-1.456089705729596, -8.522782209268598, 94.60215307480598]

Object: pillow__black
Position: [5.512523663346661, 4.5, 2.4623117389319744]
Rotation: [-121.19425886511809, -31.52711190494648, 113.47896550352459]

Object: pillow(2)
Position: [5.0, 4.5, 2.2]
Rotation: [132.08500372120767, 130.10345044632192, 55.56643814186384]

