Generation 2:
Object: fox_toy
Position: [5.1285959516301025, 4.5, 2.217038681478822]
Rotation: [148.3933925487915, -141.0573895450787, -128.63733630916263]

Object: slippers
Position: [5.0, 4.5, 2.3840728420433774]
Rotation: [-130.9247829851184, -113.01698782772677, -166.8989775606949]

Object: fuzzy_slippers
Position: [5.0, 4.5, 2.224022934761621]
Rotation: [164.93081682197857, -127.87328784636284, 167.82402966121174]

Object: pillow__black
Position: [5.077822619637954, 4.5, 2.3195659773816284]
Rotation: [-122.89240111336474, -103.58144521712119, 115.80226733650511]

