Generation 9:
Object: fox_toy
Position: [5.624922374461415, 4.5, 2.96676792268261]
Rotation: [-116.32794691601697, -157.35868029970817, 58.2892929102826]

Object: pillow__black
Position: [5.430614144879031, 4.5, 2.941928919107019]
Rotation: [-95.34091345251181, -4.2282500213116805, 122.73862514061659]

Object: pillow(2)
Position: [5.604623444708292, 4.5, 2.2]
Rotation: [-112.47469166132106, 167.75949438977125, -55.08698375436239]

