Generation 17:
Object: fox_toy
Position: [6.0, 4.5, 2.771926009273889]
Rotation: [110.3891849110725, 126.53970958820389, -98.16832754834178]

Object: slippers
Position: [5.8702479342859775, 4.5, 2.2]
Rotation: [141.17943929224703, -114.58981067332206, 42.24783531117163]

Object: fuzzy_slippers
Position: [5.0, 4.5, 2.375153873210606]
Rotation: [128.73213911745938, -153.84178944344174, -147.79945313721237]

Object: pillow__black
Position: [5.0, 4.5, 2.2]
Rotation: [-83.89592542333969, 123.5011931715735, 99.65056733184389]

