Generation 3:
Object: fox_toy
Position: [5.0, 4.5, 2.2]
Rotation: [155.0413116669149, 143.08594264639066, 101.31111266193682]

Object: pillow__black
Position: [5.0, 4.5, 2.2]
Rotation: [140.51331184803496, -136.76815789836266, -129.26696500737498]

Object: pillow(2)
Position: [5.0, 4.5, 2.5245594937722653]
Rotation: [147.9415209276973, -69.68544438485416, -79.29894553054162]

