Generation 1:
Object: fox_toy
Position: [5.15314587300581, 4.5, 2.2]
Rotation: [-127.50499206823076, 159.27788787106806, 127.93824556719323]

Object: pillow__black
Position: [5.080678967185208, 4.5, 2.2]
Rotation: [-153.19409019480867, 173.7352771097975, -135.02259717243254]

Object: pillow(2)
Position: [5.1003644255896905, 4.5, 2.2]
Rotation: [153.6854255467627, -134.58670375497877, -136.5040610789631]

