Generation 15:
Object: fox_toy
Position: [5.0, 4.5, 2.2]
Rotation: [-142.71951173654554, 31.89102310134473, -111.08104341883266]

Object: pillow__black
Position: [5.494254348880299, 4.5, 2.2]
Rotation: [-59.92255358937945, 111.81240803589196, -156.4969775508928]

Object: pillow(2)
Position: [5.098157568067134, 4.5, 2.2]
Rotation: [152.34875928596773, 145.61414871000028, -125.82623279732684]

