Generation 20:
Object: fox_toy
Position: [5.0, 4.5, 2.2]
Rotation: [-72.66254584163927, 39.73575636766421, -41.79963790302247]

Object: pillow__black
Position: [5.441227329243781, 4.5, 2.2]
Rotation: [73.01961669078946, 172.22138499577238, 5.925242173638821]

Object: pillow(2)
Position: [5.045798415865529, 4.5, 2.2738521694152585]
Rotation: [-177.68806626935617, 117.64354565405756, -172.48492417713382]

