Generation 5:
Object: fox_toy
Position: [5.336691206998623, 4.5, 2.5865690764197047]
Rotation: [75.96507004257211, -77.09201994497114, -44.44488696585441]

Object: slippers
Position: [5.0, 4.5, 2.5075231745063116]
Rotation: [166.8889231995272, -55.47200899206709, -146.49158803169942]

Object: fuzzy_slippers
Position: [5.0, 4.5, 2.2209232329896484]
Rotation: [88.57758775861669, -137.40192027980024, 174.0329752535015]

Object: pillow__black
Position: [5.201495934855145, 4.5, 2.7821404193436745]
Rotation: [-67.95826887166037, -138.13708723987367, -164.21161358330107]

