Generation 17:
Object: fox_toy
Position: [5.735508086109741, 4.5, 2.3707207463405866]
Rotation: [-75.50506010399818, 150.3037105896014, 15.930595068886078]

Object: slippers
Position: [5.0, 4.5, 2.7547264066806147]
Rotation: [-88.35167075373796, -13.611912383753065, -111.34323462519049]

Object: fuzzy_slippers
Position: [5.0, 4.5, 2.2]
Rotation: [-49.287688946545586, 92.08968591327186, -176.2899060270111]

Object: pillow__black
Position: [5.385213093690095, 4.5, 3.172980546143555]
Rotation: [-16.225199102221154, -173.38141573859843, -82.12749891034937]

