Generation 2:
Object: fox_toy
Position: [5.0, 4.5, 2.2269056898885897]
Rotation: [93.67559310666456, -137.04105747914176, 107.73600277452772]

Object: pillow__black
Position: [5.092884873468467, 4.5, 2.4060195745735036]
Rotation: [177.67307041817338, 140.13574519013156, 135.56217220299607]

Object: pillow(2)
Position: [5.011879444266565, 4.5, 2.2]
Rotation: [92.81550667604807, 162.29184155387975, -174.40449188719873]

