Generation 10:
Object: fox_toy
Position: [5.089241906311063, 4.5, 2.2]
Rotation: [95.51147994916903, 124.7013993460638, 170.0866838654914]

Object: pillow__black
Position: [5.18326024340085, 4.5, 2.964150332462105]
Rotation: [-145.99812616577083, 119.27989949790299, -21.942448133496896]

Object: pillow(2)
Position: [5.0, 4.5, 2.2]
Rotation: [115.22047254203613, 17.296059974806496, -134.1725895506105]

