Generation 5:
Object: fox_toy
Position: [5.281473181704296, 4.5, 2.6230125997275433]
Rotation: [87.89343549365611, 23.161822703049722, 149.68319670177323]

Object: pillow__black
Position: [5.51425959161322, 4.5, 2.2647066188956066]
Rotation: [-72.36316764092606, -58.839921811657874, 121.3375414793428]

Object: pillow(2)
Position: [5.025624788058885, 4.5, 2.496328539458152]
Rotation: [-97.80559084531708, -176.71985744710437, 102.13337501207337]

