Generation 2:
Object: fox_toy
Position: [5.220458383223862, 4.5, 2.2]
Rotation: [-178.6708310038806, 112.09563227628195, -142.53032642570622]

Object: pillow__black
Position: [5.0, 4.5, 2.2]
Rotation: [178.88650038767366, 149.82309450874766, -134.3757588160024]

Object: pillow(2)
Position: [5.119612834259423, 4.5, 2.3822285624120383]
Rotation: [96.87770659522829, -131.15657904421417, 168.79129672531406]

