Generation 12:
Object: fox_toy
Position: [5.0, 4.5, 2.5636795373132335]
Rotation: [-8.097784399850752, 31.445682823842844, -80.99868814720938]

Object: pillow__black
Position: [5.510242590574758, 4.5, 2.735547389013033]
Rotation: [35.56645729805689, 130.03320826485947, 103.09202567512568]

Object: pillow(2)
Position: [5.0, 4.5, 2.2]
Rotation: [-78.64761132399511, 63.24728709298688, 47.998252116642846]

