Generation 13:
Object: fox_toy
Position: [5.0, 4.5, 2.236549741434359]
Rotation: [106.52968030737742, -25.49216069696064, 81.55817127094326]

Object: pillow__black
Position: [5.306342377500179, 4.5, 2.5668135748106544]
Rotation: [46.05433924995373, -168.84503708116398, 95.11668824036417]

Object: pillow(2)
Position: [5.17170773253632, 4.5, 2.2778851291412883]
Rotation: [51.08507084615496, -121.35420436481745, -143.65251782246733]

