Generation 7:
Object: fox_toy
Position: [5.453053767878527, 4.5, 2.859166333340739]
Rotation: [-174.64659808964748, 11.03910709783932, -102.40793438189532]

Object: pillow__black
Position: [5.0, 4.5, 2.3900950556556846]
Rotation: [178.11148664438463, 107.98519764474577, 149.2630090298964]

Object: pillow(2)
Position: [5.527345935739479, 4.5, 2.5091456186059835]
Rotation: [163.15489089058934, -126.44413208848044, -77.99202805540918]

