Generation 20:
Object: fox_toy
Position: [5.0, 4.5, 2.981938263960717]
Rotation: [157.51482340929647, -134.54819444496087, -149.3032614608553]

Object: pillow__black
Position: [5.650590936483912, 4.5, 2.943470996741702]
Rotation: [53.90617839980541, 19.918570245231933, -134.58337490068567]

Object: pillow(2)
Position: [5.380269894351102, 4.5, 2.2]
Rotation: [58.462259723579734, -135.44432227235643, 133.05036215975667]

