Generation 6:
Object: fox_toy
Position: [5.0, 4.5, 2.3361752288940703]
Rotation: [76.00695624369257, 6.100690820434352, -164.772333255395]

Object: pillow__black
Position: [5.257723764670239, 4.5, 2.6847349965053855]
Rotation: [0.02307605566568327, -36.835109968594026, 13.85196230101883]

Object: pillow(2)
Position: [5.1636872442518165, 4.5, 2.2276818951005195]
Rotation: [-129.16724055443711, -111.31726441738283, -80.48489541132564]

