Generation 16:
Object: fox_toy
Position: [5.0, 4.5, 2.7660362154977483]
Rotation: [26.958349902867155, 56.94163432419043, -137.33091636926525]

Object: pillow__black
Position: [5.726904988130063, 4.5, 2.9896152246246253]
Rotation: [60.166903062849656, -149.91905271606507, -157.3008420327119]

Object: pillow(2)
Position: [5.0, 4.5, 2.337824678368356]
Rotation: [-1.7998081196762996, 29.026368261078005, -20.37877249905705]

