Generation 10:
Object: fox_toy
Position: [5.0, 4.5, 2.2]
Rotation: [-116.6011148464655, -80.37761831828634, -159.4433218169998]

Object: pillow__black
Position: [5.0883378673051585, 4.5, 2.3795556742806045]
Rotation: [178.5424749900492, -162.35702247094738, -170.74180686081831]

Object: pillow(2)
Position: [5.0, 4.5, 2.2538953039792737]
Rotation: [-176.00668817194833, 23.757932587453297, -72.02002771879563]

