Generation 11:
Object: fox_toy
Position: [5.243007900293972, 4.5, 2.346887951436413]
Rotation: [29.570058070236144, 128.0504120343375, -16.674330744829717]

Object: slippers
Position: [5.20415350899367, 4.5, 2.2]
Rotation: [153.58166701011623, -114.1970001669049, -149.4910184850644]

Object: fuzzy_slippers
Position: [5.491360604184866, 4.5, 2.2]
Rotation: [120.41197301714624, -10.311480348702275, 120.60139296468657]

Object: pillow__black
Position: [5.310560187276026, 4.5, 2.2]
Rotation: [-90.76602773543705, -159.55443572908916, 139.02229690013485]

